0.0
0.0
0.0
0.0
0.0
0.0
0.0
0.0
0.0
0.0
0.0
0.0
0.0
0.0
0.0
0.0
0.0
0.0
0.0
0.0
0.24888449907302856
0.010484695434570312
0.0
0.0
0.4226197600364685
0.2646099030971527
0.0
0.7621527910232544
2.1150033473968506
0.7926787734031677
0.0
0.0
0.052627190947532654
0.0
0.24609240889549255
1.869736671447754
2.432084083557129
0.0
0.0
0.0
0.0
0.0
0.744148850440979
2.303783893585205
1.1834566593170166
0.0
0.0
0.0
0.0
0.19113090634346008
1.6101481914520264
1.6641498804092407
0.0
0.0
0.0
0.0
0.0
0.954779863357544
1.711173176765442
0.05406944453716278
0.0
0.0
0.0
0.0
0.0
0.0
0.0
0.0
0.0
0.0
0.0
0.0
0.0
0.0
0.0
0.0
0.0
0.3258857727050781
0.0
0.0
0.48184552788734436
0.8159823417663574
0.6640579700469971
0.3290669620037079
1.0447473526000977
1.6006059646606445
0.1324218511581421
0.0
0.24471397697925568
0.675620436668396
0.8144323229789734
1.4252655506134033
2.8482625484466553
2.6262147426605225
0.676970362663269
0.0
0.0
0.0
0.0
0.06781793385744095
1.1657917499542236
0.15492288768291473
0.0
0.0
0.0
0.0
0.0
0.5875767469406128
0.6971272826194763
0.0
0.0
0.0
0.0
0.0
0.1140134185552597
0.708305835723877
0.0
0.0
0.0
0.0
0.0
0.0
0.8742802143096924
0.22451448440551758
0.0
0.0
0.0
0.0
0.0
0.0
0.0
0.0
0.0
0.0
0.0
0.0
0.0
0.0
0.0
0.0
0.0
0.1360999345779419
0.031019896268844604
0.0
0.0
0.0
0.0
0.0
0.0
0.42055031657218933
0.0
0.0
0.0
0.0
0.0
0.0
0.6812140941619873
0.41944772005081177
0.0
0.0
0.7758170366287231
0.3029452860355377
0.0
1.6233789920806885
3.3287272453308105
0.6905658841133118
0.0
0.0
0.9565687775611877
0.34166327118873596
1.2032455205917358
3.652218818664551
2.8480710983276367
0.0
0.0
0.21899491548538208
0.5208008289337158
0.5837240815162659
2.9239087104797363
3.854806423187256
0.7039563655853271
0.0
0.0
1.0504201650619507
0.23730379343032837
1.6915738582611084
3.9643754959106445
1.8460863828659058
0.0
0.0
0.5112242102622986
1.5786277055740356
1.6375893354415894
2.1530189514160156
1.6767089366912842
1.1841144561767578
0.6619805097579956
0.24723894894123077
0.5022525787353516
0.9862643480300903
3.5104894638061523
3.519117832183838
3.5415167808532715
3.6060757637023926
3.19602632522583
2.419677734375
2.4167726039886475
2.257021903991699
0.6272062659263611
0.6901116371154785
0.6583012938499451
0.18618851900100708
0.0
0.0
1.3707263469696045
0.9724112749099731
0.0
0.0
0.0
0.0
0.0
0.42340728640556335
1.319392204284668
0.0
0.0
0.0
0.0
0.0
0.0
1.9903614521026611
0.7353211641311646
0.0
0.0
0.0
0.0
0.0
1.4903724193572998
2.010343551635742
0.0
0.0
0.0
0.0
0.0
0.6723247766494751
2.938748836517334
1.1258432865142822
0.0
0.0
0.0
0.0
0.0
2.655768632888794
2.26546049118042
0.0
0.0
0.0
0.0
0.0
0.0
0.0
0.0
0.0
0.0
0.7212520837783813
0.0
0.0
0.0
0.0
0.0
0.0
1.4010329246520996
1.8684322834014893
0.0
0.0
0.0
0.0
0.0
0.39354565739631653
3.8033928871154785
1.7069025039672852
0.0
0.0
0.0
0.0
0.0
2.7591867446899414
3.4475836753845215
0.0
0.0
0.0
0.0
0.0
0.2859412133693695
4.382474422454834
1.595170021057129
0.0
0.0
0.0
0.0
0.0
3.990994691848755
4.241303443908691
0.0
0.0
0.0
0.0
0.0
2.271275520324707
5.307482719421387
1.5972425937652588
0.0
0.0
0.0
0.0
0.0
4.792331695556641
3.5380353927612305
0.0
0.0
0.0
1.9882919788360596
2.365670919418335
2.8647327423095703
3.170729160308838
3.2036242485046387
3.0792689323425293
2.671304702758789
2.0470471382141113
0.0
0.0
0.04248395562171936
0.2163749784231186
0.48060503602027893
0.823307991027832
1.0918481349945068
1.0246800184249878
0.0
0.0
0.0
0.0
0.0
0.0
0.0
0.0
0.0
0.0
0.0
0.0
0.24655687808990479
0.6776794195175171
0.22780969738960266
0.0
0.00011627376079559326
0.0
0.0
0.3643704056739807
0.7089699506759644
0.3448389172554016
0.0
0.0
0.0
0.0
0.25702542066574097
0.8324699997901917
0.9207707643508911
0.0006934106349945068
0.0
0.0
0.0
0.08720940351486206
0.6584011912345886
1.0419435501098633
0.35247135162353516
0.0
0.0
0.0
0.055257201194763184
0.48156699538230896
0.9829103946685791
0.6954944729804993
0.0
0.0
0.0
0.0
2.2519569396972656
2.837930679321289
2.8452982902526855
2.4839048385620117
2.175644636154175
1.9919116497039795
1.501091480255127
0.6851317882537842
0.9009664058685303
1.7980002164840698
2.3172621726989746
2.5005171298980713
2.4872941970825195
2.365083694458008
1.8348619937896729
1.0109935998916626
0.0
0.0
0.0
0.0
0.0
0.0
0.09469614923000336
0.16049526631832123
0.0
0.0
0.0
0.0
0.0
0.0
0.0
0.05333960801362991
0.0
0.0
0.0
0.0
0.0
0.0
0.0
0.0031425654888153076
0.0
0.0
0.0
0.0
0.0
0.0
0.11605626344680786
0.07476615160703659
0.0
0.0
0.0
0.0
0.0
0.0
0.2131824940443039
0.0
0.0
0.0
0.0
0.0
0.0
0.12222238630056381
0.022695790976285934
0.0
0.6437781453132629
2.3279125690460205
2.7958457469940186
2.5257301330566406
2.243584632873535
1.699989676475525
1.1274536848068237
0.7559497952461243
0.0
0.0
0.0
0.0
0.0
0.0
0.0
0.8018351197242737
0.0
0.0
0.0
0.0
0.0
0.0
0.0
0.0
0.0
0.0
0.0
0.0
0.0
0.0
0.0
0.26648712158203125
0.0
0.0
0.0
0.0
0.0
0.0
0.0
0.14151743054389954
0.0
0.0
0.0
0.0
0.0
0.0
0.7917129993438721
0.0
0.0
0.0
0.0
0.0
0.0
0.2917231321334839
0.17180955410003662
0.0
0.0
0.0
0.0
0.0
0.33025839924812317
0.5457491874694824
0.0
0.0
0.0
0.0
0.09796509146690369
0.24417823553085327
0.4310421943664551
0.08906947076320648
0.0
0.0
0.0
0.0
0.0
0.0
0.0
0.0
0.0
0.0
0.0
0.0
0.0
0.0
0.0
0.0
0.0
0.0
0.02924599125981331
0.03828643634915352
0.23280683159828186
0.13423798978328705
0.0
0.0
0.0
0.0
0.05689944326877594
0.11544838547706604
0.2900083661079407
0.0
0.0
0.0
0.0
0.0
0.19301214814186096
0.44715315103530884
0.27409040927886963
0.0
0.0
0.0
0.0
0.0
0.36538347601890564
0.3790779709815979
0.0
0.0
0.0
0.0
0.0
0.0
0.507763683795929
0.2521606385707855
0.0
0.0
0.0
0.0
0.0
0.24966898560523987
0.0
0.008956611156463623
0.049639225006103516
0.0
0.03361038863658905
0.0
0.0
0.0
0.42590826749801636
0.5197694301605225
0.04995030164718628
0.1835792064666748
0.7037323713302612
0.49759289622306824
0.0
0.19635023176670074
0.0
0.0
0.31042414903640747
0.7863255739212036
0.8120759725570679
0.6313912868499756
0.5391826033592224
0.9703932404518127
0.0
0.0
0.07690174877643585
0.36759108304977417
0.05884909629821777
0.0
1.0491793155670166
1.4557163715362549
0.0
0.0
0.0
0.0
0.0
0.11509907245635986
1.1543350219726562
0.14340302348136902
0.0
0.0
0.0
0.0
0.0
0.7814570069313049
0.7490929961204529
0.0
0.0
0.0
0.0
0.0
0.35419732332229614
1.2938714027404785
0.0
0.0
0.0
0.0
0.0
0.0
1.2249348163604736
0.7294543981552124
0.0
0.0
2.8135862350463867
3.187252998352051
3.2786381244659424
3.368617057800293
3.4220361709594727
3.405062198638916
2.9888744354248047
2.3053109645843506
0.0
0.2845116853713989
0.9174401760101318
0.7620040774345398
0.44040220975875854
1.0968308448791504
1.7472784519195557
1.6874010562896729
0.0
0.0
0.0
0.0
0.0
0.153998002409935
1.2352975606918335
1.450215220451355
0.0
0.0
0.0
0.0
0.0
0.32199084758758545
0.40904754400253296
0.5292669534683228
0.0
0.0
0.0
0.0
0.4911070168018341
0.4799008369445801
0.0
0.019258320331573486
0.0
0.0
0.0
0.7217973470687866
1.3897900581359863
0.7309189438819885
0.26734399795532227
0.13920918107032776
0.0
0.0
0.4770369827747345
1.7561841011047363
1.2861289978027344
0.10618174076080322
0.0
0.08844372630119324
0.0
0.1486416757106781
1.3386290073394775
1.2320656776428223
0.4588889181613922
0.2013777494430542
0.07862073183059692
0.04643724858760834
0.21753336489200592
0.7636361122131348
1.232779622077942
1.5272393226623535
1.8631280660629272
1.6698739528656006
1.4014341831207275
1.1370127201080322
0.0
0.0
0.0
0.28872886300086975
0.535437285900116
0.0
0.17866121232509613
0.47900596261024475
0.0
0.0
0.0
0.23402756452560425
0.0
0.0
0.11005406826734543
0.6897585391998291
0.0
0.0
0.0
0.0
0.0
0.0
0.3793063759803772
0.688335657119751
0.0
0.0
0.0
0.0
0.0
0.0
0.0
0.0
0.0
0.27223318815231323
0.4393198788166046
0.0
0.0
0.0
0.07919775694608688
0.42979133129119873
0.13820835947990417
0.5582038164138794
0.0
0.0
0.0
0.20212095975875854
0.20030955970287323
0.3396216332912445
0.3560599088668823
0.4048425257205963
0.0
0.0
0.18998602032661438
0.05037185549736023
0.3071100115776062
0.0
1.1665878295898438
0.7647212743759155
0.25716710090637207
0.39052605628967285
0.5337564945220947
0.48367083072662354
0.6597238183021545
0.5070871710777283
0.8208903074264526
0.2103506326675415
0.24765977263450623
0.55631422996521
0.6213346123695374
0.41406065225601196
0.3196888566017151
0.1915363222360611
0.0
0.0
0.0
0.0
0.0
0.0
0.0020858347415924072
0.0
0.0476442351937294
0.0
0.006732195615768433
0.0
0.0
0.36777567863464355
0.0
0.0
0.3011758327484131
0.36610114574432373
0.578648567199707
0.26686891913414
0.4784605801105499
0.7664543390274048
0.0
0.0
0.27789151668548584
0.41597801446914673
0.2950419485569
0.3156205415725708
0.7956492900848389
0.0
0.0
0.045322149991989136
0.3229145407676697
0.31959956884384155
0.2587606906890869
0.7213335633277893
0.6401018500328064
0.0
0.0
0.938817024230957
0.40189844369888306
0.12955023348331451
0.6126614212989807
1.2540507316589355
0.0
0.0
0.34064239263534546
1.052053451538086
2.3598146438598633
1.9379321336746216
0.9983246326446533
0.42136111855506897
0.30047619342803955
0.3980388343334198
0.0
0.0
0.9993109703063965
1.627354621887207
1.2754371166229248
0.6318468451499939
0.9306409358978271
1.8386473655700684
0.6913679242134094
0.0
0.0
0.0
0.0
0.0
0.2938879430294037
1.374541997909546
1.2287566661834717
0.0
0.0
0.0
0.0
0.0
0.0
0.4787443280220032
0.6880565881729126
0.30225318670272827
0.0
0.0
0.0
0.0
0.0
0.0
0.0
0.0
0.0
0.0
0.0
0.0
0.0
0.0
0.0
0.0
0.0
0.0
0.0
0.0
0.0
0.0
0.0
0.0
0.0
0.0
0.0
0.0
0.0
0.0
0.0
0.0
0.0
0.44564729928970337
0.8046238422393799
0.8443940877914429
0.7011278867721558
0.6867560148239136
0.7139297127723694
0.9930745363235474
0.0
0.06815145909786224
0.10308843851089478
0.0
0.0
0.0
0.0
0.5183285474777222
0.0
0.0
0.0
0.0
0.0
0.0
0.027939200401306152
0.28169533610343933
0.0
0.0
0.0
0.0
0.0
0.0
0.0
0.31430524587631226
0.0
0.0
0.0
0.0
0.0
0.0
0.0
0.08138071000576019
0.0
0.0
0.0
0.0
0.0
0.017987288534641266
0.1695076823234558
0.16950541734695435
0.0
0.0
0.0
0.0
0.0
0.11781647801399231
0.15948596596717834
0.0
0.0
0.0
0.0
0.0
0.398221880197525
0.19024541974067688
0.0
0.0
0.0
0.0
0.0
0.0
0.0
0.0
0.0
0.22384238243103027
0.0
0.0
0.0
0.0
0.0
0.0
0.0
1.8589837551116943
0.0
0.0
0.0
0.0
0.0
0.0
1.3515379428863525
2.989098072052002
0.0
0.0
0.0
0.0
0.0
0.14146795868873596
5.324607849121094
4.214627265930176
0.0
0.0
0.0
0.0
0.0
3.0400338172912598
6.034682273864746
2.0108916759490967
0.0
0.0
0.0
0.0
0.1134304627776146
5.325242042541504
4.078141212463379
0.0
0.0
0.0
0.0
0.0
3.644972324371338
5.581548690795898
1.5101754665374756
0.0
0.0
0.0
0.0
1.6322622299194336
5.975401878356934
3.2771387100219727
0.0
0.0
0.0
0.0
0.0
0.0
0.0
0.0
0.0
0.06640207767486572
0.0
0.0
0.0
0.0
0.0
0.233262300491333
0.5859274864196777
0.678228497505188
0.0
0.0
0.048719391226768494
0.0
0.05918639898300171
0.311318039894104
0.5385493040084839
1.001134991645813
0.0
0.0
0.0
0.0
0.1330491453409195
0.39245104789733887
0.6112222671508789
1.18256676197052
0.0
0.0
0.0
0.0
0.0
0.0
0.013404816389083862
0.3658008575439453
0.0
0.0
0.0
0.0
0.0
0.0649280920624733
0.2446509152650833
0.43520045280456543
0.0
0.0
0.0
0.031020209193229675
0.14062926173210144
0.2288849800825119
0.4044945240020752
0.4233410954475403
0.0
0.0
0.0
0.1635018289089203
0.4113999605178833
0.35545265674591064
0.36706793308258057
0.1446513831615448
0.09579231590032578
0.0
0.0
0.0
0.0
0.0
0.3616821765899658
0.08544200658798218
0.0
0.0
0.0
0.0
0.0
0.0
0.20240053534507751
0.0
0.0
0.0
0.0
0.0
0.0
0.0
0.0
0.0
1.1721131801605225
0.8295495510101318
0.0
0.0
1.6947121620178223
2.273327350616455
0.0
0.0
0.5362759232521057
0.37835174798965454
0.0
1.300618052482605
3.4164974689483643
2.2333457469940186
0.0
0.0
0.0
0.0
0.0
1.9340038299560547
2.5340280532836914
0.11162443459033966
0.0
0.0
0.0
0.0
0.9346429109573364
2.904752731323242
1.1680256128311157
0.0
0.0
0.0
0.0
0.0
2.1318795680999756
1.8990294933319092
0.0
0.0
0.0
0.0
0.0
0.03816947340965271
0.0
0.0
0.0
0.0
0.0
0.3709709644317627
0.6293863654136658
0.8860011100769043
1.1022783517837524
0.8764488697052002
0.3179910480976105
0.0
0.4048534035682678
1.1410729885101318
0.0
0.2607347369194031
0.777601420879364
0.7641891241073608
0.4528839588165283
0.7107305526733398
1.6387940645217896
1.7442352771759033
0.0
0.0
0.0
0.0
0.0
0.0
0.7061101198196411
0.4016626179218292
0.0
0.0
0.0
0.0
0.0
0.28418418765068054
0.5013904571533203
0.0
0.0
0.0
0.0
0.0
0.0
0.7754954099655151
0.3021392226219177
0.0
0.0
0.0
0.0
0.0
0.7140151262283325
0.651700496673584
0.0
0.0
0.0
0.0
0.0
0.2753385603427887
0.8379855155944824
0.2017887979745865
0.0
0.04191410541534424
0.0
0.0
0.0
0.0
0.0
0.0
0.0
0.0
1.0690802335739136
1.0622682571411133
0.6616593599319458
0.1341867297887802
0.0
0.0
0.0
0.0
4.159363269805908
5.032468318939209
4.97194242477417
4.540072441101074
4.353665351867676
3.0803887844085693
1.8084062337875366
0.6122328639030457
2.1326656341552734
3.12172269821167
3.843109130859375
4.690510272979736
5.048776626586914
3.7696566581726074
2.6234219074249268
1.364194393157959
0.0
0.0
0.0
0.0
0.0
0.0
0.0
0.0
0.0
0.0
0.01376304030418396
0.16580581665039062
0.0
0.0
0.0
0.5034198760986328
0.0
0.0
0.15575280785560608
0.0
0.0
0.0
0.038207292556762695
0.5720281600952148
0.0
0.0
0.0
0.0
0.0
0.0
0.5392376780509949
0.42217111587524414
0.4089261293411255
0.0
0.0
0.0
0.0
0.0
0.0
0.0
0.6429865956306458
0.0
0.0
0.0
0.0
0.0
0.47781944274902344
0.0
0.6582192778587341
0.0
0.0
0.0
0.0
0.5199174880981445
1.2163084745407104
0.0
0.00843268632888794
0.0
0.0
0.0
0.0
1.13797926902771
0.8650327324867249
0.0
0.0
0.0
0.0
0.0
0.0
1.6055800914764404
0.0
0.0
0.08091580867767334
0.0
0.0
0.1761196255683899
1.8060259819030762
1.8037903308868408
0.0
0.0
0.0
0.0
0.0
1.252905011177063
2.219986915588379
0.17755600810050964
0.0
0.0
0.0
0.0
0.9290391802787781
2.2676382064819336
1.2879512310028076
0.0
0.0
0.0
0.09894365072250366
0.5021190047264099
0.6412217617034912
0.6783135533332825
0.3959171175956726
0.42601117491722107
0.5804906487464905
0.4093574583530426
0.28009700775146484
0.04313894361257553
0.14762629568576813
0.10001318156719208
0.03090307116508484
0.6951088309288025
0.9250273108482361
0.735694169998169
0.5076799392700195
0.23756933212280273
0.2917889654636383
0.0
0.0
0.0
0.3994259238243103
0.0
0.0
0.05269130691885948
0.0
0.0
0.0
0.5435110330581665
0.714836835861206
0.024636998772621155
0.0
0.0
0.0
0.0
0.0
0.7320742011070251
0.052413374185562134
0.0
0.0
0.0
0.0
0.0
0.9387274980545044
0.7364886403083801
0.0
0.0
0.0
0.0
0.0
0.578935444355011
1.3169927597045898
0.21074101328849792
0.0
0.0
0.0
0.0
0.025830470025539398
1.5592637062072754
0.8708048462867737
0.0
0.0
0.0
2.2565481662750244
2.5601494312286377
1.5002453327178955
0.511690616607666
0.2662898898124695
0.7586696743965149
0.12225228548049927
0.0
1.2404909133911133
2.9764461517333984
3.2087388038635254
2.676664352416992
2.7274510860443115
3.4817042350769043
2.5321998596191406
0.2761761248111725
0.0
0.0
0.0664275586605072
0.34941431879997253
0.7040907144546509
1.4282989501953125
1.6377105712890625
0.9233042001724243
0.0
0.0
0.0
0.0
0.0
0.0
0.0
0.23826733231544495
0.0
0.0
0.0
0.0
0.0
0.0
0.0
0.0
0.0
0.0
0.0
0.0
0.0
0.0
0.0
0.0
0.0
0.0
0.0
0.0
0.0
0.0
0.0
0.0
0.0
0.0
0.0
0.0
0.0
0.0
0.0
0.0
0.35814929008483887
0.2880086600780487
0.39215198159217834
0.524911105632782
0.6726721525192261
0.5437180995941162
0.2353198379278183
0.08752502501010895
0.0
0.0
0.0
0.0
0.0
0.0
0.0
0.0
0.0
0.0
0.0
0.0
0.0
0.0
0.0
0.0
0.2648248076438904
0.16411489248275757
0.0
0.0
0.0
0.0
0.0
0.0
0.37395650148391724
0.5355038642883301
0.5057790875434875
0.9635533690452576
0.817366898059845
0.09656065702438354
0.0
0.0
0.0
0.0
0.0
0.2136000096797943
0.0
0.0
0.0
0.0
0.0
0.0
0.1749192178249359
0.04748368263244629
0.0
0.0
0.0
0.0
0.0
0.13870489597320557
0.19092661142349243
0.0
0.0
0.0
0.0
0.0
0.023514747619628906
0.46593359112739563
0.48908352851867676
0.34205204248428345
0.340739369392395
0.7149249911308289
0.7266606688499451
0.15028609335422516
0.0
0.0
0.0
0.0
0.3919920325279236
0.8146719336509705
0.7969875931739807
0.4884164333343506
0.3624367117881775
0.05451193451881409
0.0
0.16283071041107178
0.7380439043045044
0.5324920415878296
0.05443763732910156
0.0
0.05883727967739105
0.0
0.0
0.04627704620361328
0.2864817976951599
0.08613035082817078
0.0
0.0
0.0
0.0
0.0
0.45189258456230164
0.43508297204971313
0.12286986410617828
0.0
0.0
0.0
0.0
0.5490638017654419
0.9184601306915283
0.4526880383491516
0.12193354964256287
0.0
0.0
0.0
0.14636600017547607
0.738462507724762
0.8055922985076904
0.2801869213581085
0.0
0.0
0.0
0.0
0.5568972826004028
0.9329745769500732
0.7353712916374207
0.2289596050977707
0.0
0.0
0.0
0.20470768213272095
0.24535495042800903
0.07518018037080765
0.0
0.0
0.08509349822998047
0.0
0.0
0.0
0.15128526091575623
0.46492934226989746
0.4733272194862366
0.3069239854812622
0.49729061126708984
0.6480421423912048
0.42767083644866943
0.0
0.0
0.0
0.0
0.090418741106987
0.44953322410583496
0.520121693611145
0.7705082297325134
0.0
0.0
0.0
0.0
0.030350059270858765
0.1833297461271286
0.04405900835990906
0.3406110405921936
0.0
0.0
0.0
0.0
0.021713435649871826
0.0
0.08377262949943542
0.0
0.012346945703029633
0.10568471252918243
0.05419989675283432
0.31957340240478516
0.25943586230278015
0.39508193731307983
0.22543957829475403
0.0
0.1120913028717041
0.1336929053068161
0.31842130422592163
0.4942401945590973
0.273043692111969
0.2731930613517761
0.0
0.0
0.0
0.09734739363193512
0.560172975063324
0.2548453211784363
0.3215401768684387
0.1864245980978012
0.0
0.0
0.22104553878307343
0.9057693481445312
1.713625192642212
1.9513514041900635
1.9481700658798218
1.9039866924285889
1.666521668434143
1.4216536283493042
0.0
0.0
0.0
0.0
0.034458938986063004
0.2159356325864792
0.2257283329963684
0.8231606483459473
0.021541859954595566
0.0
0.0
0.0
0.0
0.0
0.0
0.0
0.4582897424697876
0.3926214873790741
0.42648178339004517
0.2620127201080322
0.0
0.007332839071750641
0.0
0.0
0.08107984811067581
0.1166672557592392
0.22127899527549744
0.04125884920358658
0.0
0.0
0.0
0.0
0.01418185606598854
0.09162116795778275
0.12392079830169678
0.0
0.0
0.06287065148353577
0.0
0.0016777247656136751
0.07604244351387024
0.14730742573738098
0.0
0.0
0.0037337839603424072
0.0
0.0
0.0
0.15649500489234924
0.10024386644363403
0.0
0.0
0.15783989429473877
0.0
0.0
0.0
1.2461727857589722
1.0381922721862793
0.789425253868103
0.7241759896278381
0.5877283811569214
0.0891437977552414
0.0
0.0
2.027585029602051
2.1577439308166504
1.564363956451416
1.240644931793213
1.2485942840576172
0.9820006489753723
0.08972343802452087
0.0
1.474206805229187
1.897978663444519
1.760955572128296
1.5062596797943115
1.5636396408081055
1.4415199756622314
0.35483264923095703
0.0
0.02757430076599121
0.5491635203361511
0.8275371789932251
0.841193437576294
0.7808753848075867
0.42813175916671753
0.20647554099559784
0.3935108184814453
0.0
0.0
0.0
0.0
0.0
0.0
0.0
0.3336465358734131
0.0
0.0
0.0
0.0
0.0
0.0
0.007336527109146118
0.23100394010543823
0.0
0.0
0.0
0.0
0.0
0.0
0.30750274658203125
0.22697409987449646
0.10407933592796326
0.0950787365436554
0.0
0.0
0.0
0.07162502408027649
0.17891249060630798
0.0015312861651182175
0.0
0.0
0.0
0.0
0.0
0.0
0.0
0.0
0.0
0.0
0.0
0.0
0.0
0.0
0.0
0.0
0.0
0.0
0.0
0.0
0.0
0.0
0.7114846110343933
0.1714649200439453
0.0
0.0
0.0
0.0
0.0
0.0
1.4717832803726196
0.5584535598754883
0.0
0.0
0.0
0.0
0.0
0.48773062229156494
1.2787911891937256
0.17604553699493408
0.024608874693512917
0.043531350791454315
0.03340461477637291
0.0
0.0
1.526904821395874
1.2269455194473267
0.0
0.06295172870159149
0.19059573113918304
0.0
0.0
0.7648491859436035
1.5077853202819824
0.35291123390197754
0.0
0.033423349261283875
0.0
0.0
0.5591063499450684
1.3384835720062256
0.858177125453949
0.0
0.0
1.3436028957366943
2.8175048828125
3.0142431259155273
2.763967514038086
2.079918146133423
2.0336856842041016
1.8180670738220215
0.6972388625144958
0.0
0.0
0.41612809896469116
0.4622618854045868
0.3392610549926758
0.9839932918548584
1.4995735883712769
1.5995452404022217
0.0
0.0
0.0
0.0
0.0
0.0
0.041440337896347046
0.5707492232322693
0.2655889689922333
0.23419314622879028
0.0
0.0
0.34831589460372925
0.0
0.0
0.0
0.0
0.0
0.0
0.009960770606994629
0.0
0.0
0.0
0.0
0.0
0.0
0.0
0.3507712781429291
0.0
0.0
0.0
0.0
0.0
0.0
0.03377053141593933
0.09834155440330505
0.0
0.0
0.0
0.0
0.0
0.0
0.47069454193115234
0.23831945657730103
0.0
0.0
0.0
0.0
1.650827407836914
2.1840667724609375
2.3093528747558594
2.1871676445007324
2.033722400665283
1.8001587390899658
1.3463120460510254
0.6678944826126099
0.0
0.0
0.08965381979942322
0.061914220452308655
0.33701589703559875
1.3107229471206665
1.298856496810913
0.5449115633964539
0.0
0.0
0.0
0.0
0.0
0.5833422541618347
0.23879355192184448
0.0
0.0
0.0
0.0
0.0
0.3527761995792389
0.47706860303878784
0.0
0.0
0.0
0.0
0.0
0.0
1.177489995956421
0.725777268409729
0.0
0.0
0.0
0.0
0.0
0.999363899230957
1.1496555805206299
0.0
0.0
0.0
0.0
0.0
0.4282679557800293
1.3736032247543335
0.7001499533653259
0.0
0.0
0.0
0.0
0.1338181346654892
1.2536380290985107
1.349891185760498
0.026082679629325867
0.0
0.0
0.0
0.3681541085243225
0.0
0.0
0.0
0.0
0.0
0.0
0.0
3.409026861190796
3.966290235519409
3.933379888534546
3.233152389526367
2.290468692779541
1.0706210136413574
0.08545885235071182
0.0
3.208827018737793
4.618770122528076
5.152400493621826
5.018310070037842
4.871585845947266
4.1677069664001465
2.5520708560943604
1.2810266017913818
0.04199405014514923
0.4428828954696655
0.6642443537712097
0.8932100534439087
1.1416504383087158
1.1650400161743164
0.2514823377132416
0.2313118875026703
0.0
0.0
0.0
0.0
0.0
0.0
0.0
0.0
0.0
0.0
0.0
0.0
0.0
0.0
0.0
0.5132503509521484
0.0
0.0
0.0
0.0
0.0
0.0
0.155027836561203
0.5028054714202881
0.0
0.0
0.0
0.0
0.0
0.0
0.6719191074371338
0.3166750371456146
0.7852407097816467
0.9683371782302856
0.6644570827484131
0.44940122961997986
0.44061756134033203
0.6806074380874634
0.4756244122982025
0.0
0.0
0.44988906383514404
0.27343225479125977
0.0
0.0
0.22015133500099182
0.2899874448776245
0.0
0.0
0.0
0.0
0.0
0.0
0.0
0.0
0.14555659890174866
0.0
0.0
0.0
0.0
0.0
0.0
0.0
0.19758163392543793
0.0
0.0
0.0
0.0
0.0
0.0
0.0
0.1534983068704605
0.029208824038505554
0.0
0.0
0.0
0.0
0.0
0.39143306016921997
0.0
0.0
0.0
0.0
0.0
0.0
0.03225526958703995
0.25803765654563904
0.0
0.0
0.0
0.0
0.0
0.0
0.14888548851013184
0.0
0.0
0.0
0.0
0.0
0.0
0.0
0.0
0.36264851689338684
1.868612289428711
0.10728520154953003
0.21042008697986603
0.1946806013584137
0.25041431188583374
0.0
0.0
1.662672519683838
2.8557333946228027
0.0
0.0
0.0
0.0
0.0
0.0
2.1743357181549072
2.09641170501709
0.0
0.0
0.0
0.0
0.0
0.0
1.6230021715164185
0.3845278322696686
0.21758490800857544
0.16560578346252441
0.0
0.0
0.0
1.7451205253601074
1.3984665870666504
0.0
0.31287986040115356
0.15370936691761017
0.0
0.0
0.8680620193481445
1.8565335273742676
0.4645075798034668
0.0
0.282936692237854
0.0
0.0
0.1981152892112732
2.1465327739715576
1.10141921043396
0.0
0.0
0.005387336015701294
0.0
0.0
1.509347677230835
2.024777889251709
0.2643751800060272
0.0
0.0
0.0
0.0
0.0
0.0
0.0
0.0
0.0
0.0
0.0
0.0
0.0
0.0
0.0
0.0
0.0
0.0
0.2940351665019989
0.5744016170501709
0.4156055748462677
0.0
0.0
0.0
0.043554678559303284
0.0
0.0
0.2039446085691452
0.569251537322998
0.36442407965660095
0.3523809313774109
0.8985886573791504
1.3111671209335327
0.6253003478050232
0.0
0.0
0.0
0.0
0.0
0.5928436517715454
0.7932189702987671
0.23968669772148132
0.0
0.0
0.0
0.0
0.0
0.30133190751075745
0.2844867706298828
0.0
0.0
0.0
0.0
0.0
0.0
0.3155306577682495
0.0
0.0
0.0
0.0
0.0
0.0
0.0
0.0
0.0
0.0
0.2932145297527313
0.11929017305374146
0.0
0.0
0.0
0.41918832063674927
0.951276421546936
0.9736744165420532
0.4089178740978241
0.0
0.0
0.0
0.0
0.1107882559299469
1.1879884004592896
0.8282140493392944
0.0
0.0
0.0
0.0
0.0
0.2233785092830658
1.3033617734909058
0.0
0.0
0.0
0.0
0.0
0.0
1.1592419147491455
0.5699154138565063
0.0
0.0
0.0
0.0
0.0
1.0591161251068115
1.909653902053833
0.0
0.0
0.0
0.0
0.0
0.4505612254142761
2.837462902069092
1.2079432010650635
0.0
0.0
0.0
0.0
0.0
2.4565351009368896
2.6847989559173584
0.0
0.0
0.0
0.0
0.0
1.4630228281021118
3.4876017570495605
1.0460271835327148
0.0
0.0
0.0
0.0
0.0
0.0
0.0
0.0
0.0
0.06389358639717102
0.0
0.47953498363494873
0.38762766122817993
0.041695866733789444
0.0
0.0
0.0
0.0
0.0
3.159639358520508
3.3667125701904297
3.0501294136047363
2.73564076423645
2.585230588912964
1.8389853239059448
0.7726669311523438
0.031930968165397644
1.0412073135375977
1.5794813632965088
1.9383540153503418
2.3387317657470703
2.420205593109131
1.7337944507598877
0.8016977310180664
0.2450205683708191
0.0
0.0
0.0
0.0
0.0
0.0
0.0
0.0
0.0
0.0
0.0
0.0
0.0
0.0
0.0
0.0
0.0
0.0
0.0
0.0
0.0
0.0
0.0
0.0
0.0
0.0
0.0
0.0
0.0
0.0
0.0
0.0
0.35671770572662354
1.1312882900238037
2.1684012413024902
2.797698974609375
2.9692821502685547
3.055279016494751
2.654356002807617
1.8907701969146729
0.0
0.0
0.0
0.0
0.0
0.0
0.0
0.0
0.14497287571430206
0.0
0.0
0.0
0.0
0.0
0.0
0.0
0.815300464630127
0.7924648523330688
0.6765859127044678
0.7210407257080078
0.3629997670650482
0.0
0.0
0.0
0.21795552968978882
0.1867942363023758
0.2055482417345047
0.405215859413147
0.0
0.0
0.030979156494140625
0.0
0.0
0.0
0.024265408515930176
0.0
0.0
0.07909746468067169
0.0
0.0
0.0
0.0
0.0634838342666626
0.0
0.0
0.0
0.0
0.0
0.0
0.20382533967494965
0.004518449306488037
0.0
0.0
0.0
0.0
0.0
0.0
0.0
0.0
0.0
0.0
0.0
0.0
0.0
2.876224994659424
2.954556465148926
2.559018611907959
1.7126688957214355
1.012419581413269
0.49702465534210205
0.0
0.0
2.670137643814087
3.5888428688049316
4.215398788452148
4.402449131011963
4.309946060180664
3.308652639389038
1.8559818267822266
0.49221256375312805
0.0
0.0
0.0
0.0
0.09133735299110413
0.0
0.0
0.0
0.0
0.0
0.0
0.0
0.0
0.0
0.0
0.0
0.0023275595158338547
0.0
0.0
0.0
0.0
0.0
0.0
0.0
0.0
0.0
0.0
0.0
0.0
0.0
0.0
0.0
0.0
0.0
0.0
0.0
0.0
0.0
0.0
0.21269232034683228
0.22635187208652496
0.0
0.0
0.0
0.0
0.09689430892467499
0.4397515058517456
0.1665135771036148
0.0
0.0
0.0
0.0
0.0
0.2297501564025879
0.5131330490112305
0.0
0.0
0.0
0.0
0.0
0.0
1.194892168045044
0.7833939790725708
0.0
0.0
0.0
0.0
0.0
1.0777487754821777
2.1958017349243164
1.2905226945877075
0.0
0.0
0.0
0.0
0.0
1.5214030742645264
1.2767744064331055
0.06419363617897034
0.0
0.0
0.0
0.0
1.2246100902557373
1.768608808517456
0.6323353052139282
0.0
0.0
0.0
0.0
0.664413571357727
2.005967378616333
1.307204246520996
0.0
0.0
0.0
0.0
0.1387062966823578
1.7865657806396484
1.9977622032165527
0.5457618236541748
0.0
0.0
0.0
0.0
0.0
0.0
0.0
0.0
0.0
0.0
0.0
0.0
0.0
0.0
0.0
0.0
0.0
0.0
0.0
0.8257094621658325
1.0469263792037964
1.040490746498108
0.8346995115280151
0.0
0.0
0.0
0.0
1.7417341470718384
2.0956997871398926
2.480057716369629
2.32061505317688
0.9364956617355347
0.0
0.2726193070411682
1.1779069900512695
0.7295966148376465
1.0402392148971558
1.240511417388916
0.46568697690963745
0.0
0.0
0.26890408992767334
1.2812726497650146
0.5960546731948853
0.9013934135437012
0.5378985404968262
0.0
0.0
0.0
1.0762518644332886
1.3202711343765259
0.852078378200531
0.7611438035964966
0.0
0.0
0.0
0.24855011701583862
1.3209702968597412
0.9731353521347046
0.8378866910934448
0.047094956040382385
0.0
0.0
0.0
1.0895217657089233
1.213009238243103
0.6594064831733704
0.0
0.0
0.0
0.0
0.0
0.0
0.0
0.0
0.0
0.0
0.0
0.0
0.0
0.06614536792039871
0.035646989941596985
0.0
0.0
0.0
0.0
0.0
0.07906892895698547
2.42738938331604
1.141248345375061
0.0
0.0
0.0
0.0
0.0
1.9207643270492554
3.0293445587158203
0.4221894145011902
0.0
0.0
0.0
0.0
0.0
0.7896104454994202
0.4314030408859253
0.0
0.0
0.0
0.0
0.0
0.3750010132789612
1.5524111986160278
0.0
0.0
0.0
0.0
0.0
0.0
1.337080478668213
0.40337514877319336
0.0
0.0
0.0
0.0
0.0
1.3433222770690918
1.301135540008545
0.0
0.0
0.0
0.0
0.0
0.0
0.0
0.0
0.0
0.0
0.0
0.0
0.0
0.0
0.0
0.0
0.0
0.17421096563339233
1.2614312171936035
0.0
0.0
0.0
0.0
0.0
0.0
1.380412220954895
2.027353525161743
0.0
0.0
0.0
0.0
0.0
0.0
2.5625786781311035
2.0076746940612793
0.0
0.0
0.0
0.0
0.0
1.1735092401504517
2.80525803565979
0.8044475317001343
0.0
0.0
0.0
0.0
0.0
2.0306713581085205
1.7508771419525146
0.0
0.0
0.0
0.0
0.0
1.416693925857544
2.0279836654663086
0.08317717909812927
0.0
0.0
0.0
0.0
0.7887386083602905
2.349297523498535
0.754124641418457
0.0
0.0
0.0
1.6588916778564453
1.554856300354004
1.5135149955749512
1.7401666641235352
1.7303369045257568
1.9793944358825684
2.612283706665039
2.506714344024658
0.09133949875831604
0.0
0.0
0.0
0.0
0.8724433183670044
1.8260711431503296
1.1300996541976929
0.0
0.0
0.0
0.0
0.0
0.0
0.0
0.0
0.0
0.0
0.0
0.0
0.0
0.053313493728637695
0.0
0.0
0.9897191524505615
0.7852499485015869
0.4989146888256073
1.3478188514709473
2.6225059032440186
1.9836997985839844
0.0
0.0
0.014888092875480652
0.0
0.0
1.2766401767730713
1.9426233768463135
0.0
0.0
0.0
0.0
0.0
0.881409227848053
2.2909913063049316
1.261364459991455
0.0
0.0
0.0
0.0
0.0
1.630669355392456
2.014397144317627
0.0
0.0
0.0
0.0
0.2531411647796631
0.5083197355270386
0.5812716484069824
0.6681444644927979
0.5331831574440002
0.5397318005561829
0.25534486770629883
0.0
0.0
0.0
0.0
0.0
0.0
0.0707339346408844
0.0
0.0
0.0
0.0
0.0
0.0
0.0
0.0
0.0
0.0
0.5306109189987183
0.7808301448822021
0.7559822797775269
0.7077975273132324
1.4629606008529663
1.0149335861206055
0.6459890604019165
0.16781429946422577
0.022401362657546997
0.21625877916812897
0.07514335215091705
0.6221575736999512
1.3078731298446655
0.6929805278778076
0.2939266562461853
0.028098583221435547
0.0
0.0
0.0
0.33745619654655457
0.2513841986656189
0.0357975959777832
0.0
0.0
0.0
0.0
0.0
0.46481478214263916
0.16115513443946838
0.0
0.0
0.0
0.0
0.0
0.6826705932617188
0.47813132405281067
0.014581173658370972
0.0
0.0
0.0
0.0
0.0
0.2760341763496399
0.4860841631889343
0.8026717901229858
0.7823082208633423
0.7857238054275513
0.6199336051940918
0.0
0.0
0.0
0.0
0.0
0.0
0.0633939653635025
0.0
0.0
0.0
0.0
0.0
0.0
0.0
0.026022590696811676
0.06307345628738403
0.0
0.0
0.0
0.0
0.0
0.0
0.0
0.08129195123910904
0.15325169265270233
0.27244704961776733
0.25967395305633545
0.0
0.12507379055023193
0.09531831741333008
0.0
0.6100208163261414
0.502436637878418
0.8009013533592224
0.4365268349647522
0.47488242387771606
0.8336381912231445
0.20695197582244873
0.5452070236206055
0.9056540131568909
0.7226548790931702
0.6509701013565063
0.2987372875213623
0.785521388053894
0.6107609272003174
0.3333178460597992
0.8394759297370911
0.5550333261489868
0.7442337870597839
0.4160727560520172
0.6233158707618713
0.8140802979469299
0.31544628739356995
0.8141598701477051
0.853954553604126
0.31723475456237793
0.0
0.0
0.0
0.0
0.0
0.0
0.0
0.0
0.0
0.0
0.0
0.0
0.0
0.0
0.0
0.0
0.0
0.0
0.0
0.0
0.0
0.0
0.0
0.7887667417526245
0.0
0.0
0.3212071657180786
0.36692482233047485
0.0
0.0
0.0
2.6102845668792725
0.0
0.2622078061103821
0.4059985876083374
0.03136187791824341
0.0
0.0
1.92559814453125
3.0704658031463623
0.34387755393981934
0.6793530583381653
0.28844767808914185
0.0
0.0
0.02523074299097061
3.2606112957000732
1.3979367017745972
0.703718364238739
0.6758555769920349
0.0
0.0
0.0
2.3991751670837402
2.859004020690918
0.21448010206222534
0.9147136211395264
0.5393977761268616
0.0
0.0
0.671227753162384
3.5042192935943604
1.218761682510376
0.0
0.0
0.0
0.0
0.0
0.0
0.15613694489002228
0.08934900164604187
0.4139149785041809
0.0
0.0
0.0
0.0
0.0
0.0
0.0
0.0
0.09586381912231445
0.0
0.0
0.0
0.0
0.0
0.0
0.0
1.2323784828186035
0.9868452548980713
0.6133961081504822
0.882624626159668
0.4860481917858124
0.0
0.0
0.0
0.7422193288803101
0.7500417232513428
1.1127662658691406
1.4548474550247192
0.7823816537857056
0.8134814500808716
0.5167726278305054
0.0
0.0
0.10147930681705475
0.6136468648910522
0.3133540749549866
0.3221707344055176
0.5484328866004944
0.0
0.0
0.0
0.3861505389213562
0.4636077284812927
0.11732719838619232
0.4951808750629425
0.4031592607498169
0.0
0.0
0.03962624818086624
0.4835377037525177
0.0
0.1994573473930359
0.5214335918426514
0.0
0.0
0.0
0.7534303069114685
0.46619245409965515
0.0
0.0
0.0
0.0
0.0
0.0
2.4518027305603027
3.2771599292755127
3.65389347076416
3.5644853115081787
2.986459970474243
2.245116710662842
1.5771721601486206
0.4333679974079132
0.780017077922821
1.0794233083724976
1.000665545463562
0.6818881034851074
0.19576825201511383
0.23153522610664368
0.0
0.0
0.2657731771469116
0.34696197509765625
0.0
0.0
0.0
0.0
0.0
0.4767554700374603
0.017969127744436264
0.0
0.0
0.0
0.0
0.0
0.21901455521583557
0.6433480381965637
0.0
0.0
0.0
0.0
0.0
0.0
0.5794357061386108
0.4053175449371338
0.0
0.0
0.0
0.0
0.0
0.328908234834671
0.7996069192886353
0.19909442961215973
0.0
0.0
0.0
0.0
0.0
0.6155325770378113
0.4981907904148102
0.025854235514998436
1.0719469785690308
1.2805237770080566
1.1328433752059937
0.9152612686157227
0.7687715888023376
0.6153150796890259
0.7849922180175781
0.7267746925354004
2.0255916118621826
1.9002279043197632
1.8595411777496338
1.9435088634490967
1.5985195636749268
1.1206870079040527
1.0019567012786865
0.840872049331665
0.5496900081634521
0.5109631419181824
0.3132190406322479
0.09030225872993469
0.0
0.0
0.02377435564994812
0.0
0.0
0.0
0.0
0.0
0.0
0.0
0.0
0.0
0.0
0.0
0.0
0.0
0.028610795736312866
0.5745158791542053
0.0
0.0
0.0
0.0
0.0
0.0
0.8974742293357849
0.4200708270072937
0.0
0.0
0.0
0.0
0.0
0.7914998531341553
1.1086862087249756
0.0
0.0
0.0
0.0
0.0
0.4214327037334442
1.52919340133667
0.5547430515289307
0.0
0.0
0.0
