0.14073020219802856
0.14073020219802856
0.14073020219802856
0.14073020219802856
0.14073020219802856
0.14073020219802856
0.14073020219802856
0.14073020219802856
0.14073020219802856
0.14073020219802856
0.14073020219802856
0.14073020219802856
0.14073020219802856
0.14073020219802856
0.19979006052017212
0.2679898738861084
0.22649836540222168
0.15184089541435242
0.14073020219802856
0.14073020219802856
0.14073020219802856
0.14073020219802856
0.14073020219802856
0.14073020219802856
0.14073020219802856
0.0810612142086029
0.13563843071460724
0.0
0.13002385199069977
0.1854502111673355
0.21694254875183105
0.21694254875183105
0.26470744609832764
0.2922355532646179
0.13714081048965454
0.14073020219802856
0.14073020219802856
0.37556192278862
0.40702876448631287
0.2143346071243286
0.0
0.0
0.0
0.0
0.0
0.0
0.04026352986693382
0.14073020219802856
0.14073020219802856
0.5178970694541931
0.7003324031829834
0.696844756603241
0.6515098214149475
0.6629228591918945
0.6673339009284973
0.48110130429267883
0.3819454312324524
0.0
0.10945752263069153
0.14073020219802856
0.14073020219802856
0.14073020219802856
0.14073020219802856
0.1573345959186554
0.21198353171348572
0.25176572799682617
0.2475220263004303
0.11537361145019531
0.2942228615283966
0.021131616085767746
0.13837718963623047
0.14073020219802856
0.14073020219802856
0.14073020219802856
0.14073020219802856
0.14073020219802856
0.14073020219802856
0.14073020219802856
0.04664995148777962
0.47103312611579895
0.2714499831199646
0.1084795892238617
0.14073020219802856
0.14073020219802856
0.14073020219802856
0.14073020219802856
0.14073020219802856
0.14073020219802856
0.14073020219802856
0.11912637948989868
0.2149316370487213
0.4038780927658081
0.03780097886919975
0.14007657766342163
0.14073020219802856
0.14073020219802856
0.14073020219802856
0.14073020219802856
0.14073020219802856
0.14073020219802856
0.13986603915691376
0.0
0.20703384280204773
0.09889420866966248
0.11195346713066101
0.14073020219802856
0.14073020219802856
0.14073020219802856
0.14073020219802856
0.14073020219802856
0.14073020219802856
0.14073020219802856
0.06978873908519745
0.25540825724601746
0.24391776323318481
0.09063300490379333
0.14073020219802856
0.14073020219802856
0.14073020219802856
0.14073020219802856
0.14073020219802856
0.14073020219802856
0.14073020219802856
0.12315909564495087
0.0
0.41084256768226624
0.08755303919315338
0.1305769681930542
0.14073020219802856
0.14073020219802856
0.14073020219802856
0.14073020219802856
0.14073020219802856
0.14073020219802856
0.14073020219802856
0.07071535289287567
0.051811907440423965
0.060533057898283005
0.02505597099661827
0.14073020219802856
0.14073020219802856
0.14073020219802856
0.14073020219802856
0.14073020219802856
0.5920320749282837
0.5920320749282837
0.5920320749282837
0.5920320749282837
0.5920320749282837
0.5920320749282837
0.5920320749282837
0.5920320749282837
0.5920320749282837
0.5920320749282837
0.5920320749282837
0.5920320749282837
0.5920320749282837
0.5920320749282837
0.5980875492095947
0.5947878360748291
0.5920320749282837
0.5920320749282837
0.5920320749282837
0.5920320749282837
0.5920320749282837
0.5920320749282837
0.5920320749282837
0.5920320749282837
0.5920320749282837
0.6653996706008911
0.8367784023284912
0.5988208055496216
0.6546915769577026
0.6787949800491333
0.6854218244552612
0.6747549772262573
0.6313707828521729
0.5939570665359497
0.5577398538589478
0.5920320749282837
0.5920320749282837
0.4704025089740753
0.37614038586616516
0.13444313406944275
0.3317507207393646
0.43338635563850403
0.5131082534790039
0.47430869936943054
0.5072795152664185
0.654098629951477
0.496849924325943
0.5920320749282837
0.5920320749282837
0.5482693910598755
0.4061097204685211
0.28553107380867004
0.05424731969833374
0.0
0.0
0.0
0.0
0.0
0.482170432806015
0.5920320749282837
0.5920320749282837
0.5920320749282837
0.5920320749282837
0.5920320749282837
0.5920320749282837
0.5920320749282837
0.5901366472244263
0.4679614007472992
0.2838924527168274
0.11006906628608704
0.58821702003479
0.5920320749282837
0.5920320749282837
0.5920320749282837
0.5920320749282837
0.5920320749282837
0.5920320749282837
0.5920320749282837
0.5740064382553101
0.34069395065307617
0.0
0.47933468222618103
0.5920320749282837
0.5920320749282837
0.5920320749282837
0.5920320749282837
0.5920320749282837
0.5920320749282837
0.5920320749282837
0.5683534145355225
0.5025256872177124
0.24865594506263733
0.18391063809394836
0.5909723043441772
0.5920320749282837
0.5920320749282837
0.5920320749282837
0.5920320749282837
0.5920320749282837
0.5920320749282837
0.621345043182373
0.571387767791748
0.5020178556442261
0.0
0.5127677917480469
0.5920320749282837
0.5920320749282837
0.5920320749282837
0.5920320749282837
0.5920320749282837
0.5920320749282837
0.5920320749282837
0.5942896604537964
0.5056977272033691
0.0
0.2685540020465851
0.5920320749282837
0.5920320749282837
0.5920320749282837
0.5920320749282837
0.5920320749282837
0.5920320749282837
0.5920320749282837
0.5952844619750977
0.5003989934921265
0.22167736291885376
0.0
0.574998140335083
0.5920320749282837
0.5920320749282837
0.5920320749282837
0.5920320749282837
0.5920320749282837
0.5920320749282837
0.5920320749282837
0.5951420068740845
0.2861706614494324
0.013804063200950623
0.22405770421028137
0.5920320749282837
0.5920320749282837
0.5920320749282837
0.5920320749282837
0.5920320749282837
0.02045341581106186
0.02045341581106186
0.02045341581106186
0.02045341581106186
0.02045341581106186
0.02045341581106186
0.02045341581106186
0.02045341581106186
0.02045341581106186
0.02045341581106186
0.02045341581106186
0.02045341581106186
0.02045341581106186
0.19178789854049683
0.42403313517570496
0.3922584354877472
0.1629573106765747
0.03773825243115425
0.02045341581106186
0.02045341581106186
0.02045341581106186
0.02045341581106186
0.02045341581106186
0.02045341581106186
0.02045341581106186
0.824118971824646
1.1067917346954346
1.1919658184051514
1.2852046489715576
1.2455745935440063
1.2566367387771606
1.2455918788909912
1.2338546514511108
0.7469053864479065
0.135445699095726
0.02045341581106186
0.02045341581106186
0.5469546318054199
0.2684120535850525
0.4330165386199951
0.98637455701828
1.1937940120697021
1.2413275241851807
1.2219995260238647
1.4568803310394287
0.8654237985610962
0.22718602418899536
0.02045341581106186
0.02045341581106186
0.0
0.0
0.0
0.0
0.0
0.0
0.3617333769798279
0.30654478073120117
0.0
0.044905174523591995
0.02045341581106186
0.02045341581106186
0.02045341581106186
0.02045341581106186
0.02045341581106186
0.02045341581106186
0.02045341581106186
0.5828534960746765
1.3086450099945068
0.1418532133102417
0.0
0.051375556737184525
0.02045341581106186
0.02045341581106186
0.02045341581106186
0.02045341581106186
0.02045341581106186
0.02045341581106186
0.06469767540693283
1.1320850849151611
1.123820424079895
0.0
0.03300212696194649
0.03450458124279976
0.02045341581106186
0.02045341581106186
0.02045341581106186
0.02045341581106186
0.02045341581106186
0.02682306617498398
0.7307658195495605
1.348738670349121
0.0
0.0
0.05116622522473335
0.02045341581106186
0.02045341581106186
0.02045341581106186
0.02045341581106186
0.02045341581106186
0.02045341581106186
0.22828513383865356
1.402886986732483
1.1931716203689575
0.0
0.05394761636853218
0.032361794263124466
0.02045341581106186
0.02045341581106186
0.02045341581106186
0.02045341581106186
0.02045341581106186
0.07194159924983978
1.2801289558410645
1.4167053699493408
0.0
0.0
0.05215756967663765
0.02045341581106186
0.02045341581106186
0.02045341581106186
0.02045341581106186
0.02045341581106186
0.02045341581106186
0.5742943286895752
1.3988111019134521
0.6222681999206543
0.0
0.036194849759340286
0.02763953059911728
0.02045341581106186
0.02045341581106186
0.02045341581106186
0.02045341581106186
0.02045341581106186
0.02045341581106186
0.8317164778709412
1.1133091449737549
0.0
0.024657808244228363
0.05278055742383003
0.02045341581106186
0.02045341581106186
0.02045341581106186
0.02045341581106186
0.007352897897362709
0.007352897897362709
0.007352897897362709
0.007352897897362709
0.007352897897362709
0.007352897897362709
0.007352897897362709
0.007352897897362709
0.007352897897362709
0.007352897897362709
0.007352897897362709
0.007352897897362709
0.007352897897362709
0.007352897897362709
0.137592613697052
0.11908382177352905
0.02807280421257019
0.007352897897362709
0.007352897897362709
0.007352897897362709
0.007352897897362709
0.007352897897362709
0.007352897897362709
0.007352897897362709
0.007352897897362709
0.03818901255726814
0.13949546217918396
0.15385298430919647
0.19704994559288025
0.13526397943496704
0.11623155325651169
0.11623155325651169
0.17129004001617432
0.16182935237884521
0.05410861596465111
0.007352897897362709
0.007352897897362709
0.014857256785035133
0.0
0.15529444813728333
0.10515597462654114
0.05601934716105461
0.07676748931407928
0.05198560655117035
0.3626386523246765
0.162669837474823
0.21869906783103943
0.007352897897362709
0.007352897897362709
0.05048484727740288
0.07590052485466003
0.041900452226400375
0.0
0.013939494267106056
0.01897231675684452
0.06645248085260391
0.2606637179851532
0.4159892201423645
0.2401619851589203
0.007352897897362709
0.007352897897362709
0.007352897897362709
0.007352897897362709
0.014879593625664711
0.030450131744146347
0.048433419317007065
0.0
0.06493362039327621
0.04690485820174217
0.5107561945915222
0.0
0.007352897897362709
0.007352897897362709
0.007352897897362709
0.007352897897362709
0.007352897897362709
0.007352897897362709
0.007352897897362709
0.0020285025238990784
0.03444438800215721
0.44389569759368896
0.38971197605133057
0.007352897897362709
0.007352897897362709
0.007352897897362709
0.007352897897362709
0.007352897897362709
0.007352897897362709
0.007352897897362709
0.0
0.1299487203359604
0.13483422994613647
0.4628409743309021
0.003237612545490265
0.007352897897362709
0.007352897897362709
0.007352897897362709
0.007352897897362709
0.007352897897362709
0.007352897897362709
0.006915392354130745
0.12270177155733109
0.017351441085338593
0.4851604104042053
0.34376245737075806
0.007352897897362709
0.007352897897362709
0.007352897897362709
0.007352897897362709
0.007352897897362709
0.007352897897362709
0.007352897897362709
0.019351448863744736
0.08509762585163116
0.4528498649597168
0.5300717949867249
0.007352897897362709
0.007352897897362709
0.007352897897362709
0.007352897897362709
0.007352897897362709
0.007352897897362709
0.007352897897362709
0.0
0.06328238546848297
0.10999278724193573
0.398083359003067
0.1152321994304657
0.007352897897362709
0.007352897897362709
0.007352897897362709
0.007352897897362709
0.007352897897362709
0.007352897897362709
0.007352897897362709
0.0
0.0
0.30599290132522583
0.4702657461166382
0.007352897897362709
0.007352897897362709
0.007352897897362709
0.007352897897362709
0.007352897897362709
0.0
0.0
0.0
0.0
0.0
0.0
0.0
0.0
0.0
0.0
0.0
0.0
0.0
0.0
0.0
0.024080529808998108
0.0
0.0
0.0
0.0
0.0
0.0
0.0
0.0
0.0
0.0
0.6354807615280151
0.3541998267173767
0.19002917408943176
0.24341875314712524
0.33573052287101746
0.385714590549469
0.4197620153427124
0.4963582754135132
0.0
0.0
0.0
0.20106694102287292
0.721748948097229
0.2937932014465332
0.1517239809036255
0.22466200590133667
0.35810986161231995
0.4182586073875427
0.4609810411930084
0.6220213174819946
0.0
0.0
0.0
0.0
0.0
0.0
0.0
0.0
0.0
0.0
1.0807849168777466
0.5956292748451233
0.0
0.0
0.0
0.0
0.0
0.0
0.0
0.0
0.0
1.192795753479004
1.523916244506836
0.0
0.0
0.0
0.0
0.0
0.0
0.0
0.0
0.0
0.0658717006444931
1.4572468996047974
1.0484455823898315
0.0
0.0
0.0
0.0
0.0
0.0
0.0
0.0
0.0
1.3099507093429565
1.4742467403411865
0.0
0.0
0.0
0.0
0.0
0.0
0.0
0.0
0.0
0.613387942314148
1.6905677318572998
0.8487880229949951
0.0
0.0
0.0
0.0
0.0
0.0
0.0
0.0
0.0
1.6778812408447266
1.6371984481811523
0.0
0.0
0.0
0.0
0.0
0.0
0.0
0.0
0.0
0.960647463798523
1.6210558414459229
0.16650207340717316
0.0
0.0
0.0
0.0
0.0
0.0
0.0
0.0
0.12230360507965088
1.5068819522857666
1.3458856344223022
0.0
0.0
0.0
0.0
0.0
0.0
0.13906636834144592
0.13906636834144592
0.13906636834144592
0.13906636834144592
0.13906636834144592
0.13906636834144592
0.13906636834144592
0.13906636834144592
0.13906636834144592
0.13906636834144592
0.13906636834144592
0.13906636834144592
0.13906636834144592
0.17874079942703247
0.5736733078956604
0.6212718486785889
0.40094518661499023
0.18529284000396729
0.13906636834144592
0.13906636834144592
0.13906636834144592
0.13906636834144592
0.13906636834144592
0.13906636834144592
0.13906636834144592
0.7704318165779114
1.2968506813049316
1.342410683631897
1.3801701068878174
1.4964948892593384
1.5840775966644287
1.5885120630264282
1.5113400220870972
1.1044363975524902
0.3042795956134796
0.13906636834144592
0.13906636834144592
0.25588515400886536
0.007975548505783081
0.0
0.46538883447647095
0.662352442741394
0.810547947883606
0.7966770529747009
1.0931209325790405
0.7240068912506104
0.24765464663505554
0.13906636834144592
0.13906636834144592
0.0942637100815773
0.0
0.0
0.0
0.0
0.0
0.4814857542514801
0.47113290429115295
0.0
0.04566732048988342
0.13906636834144592
0.13906636834144592
0.13906636834144592
0.13906636834144592
0.13906636834144592
0.13906636834144592
0.13906636834144592
0.6199384927749634
1.0864458084106445
0.20913510024547577
0.0
0.1335534155368805
0.13906636834144592
0.13906636834144592
0.13906636834144592
0.13906636834144592
0.13906636834144592
0.13906636834144592
0.13906636834144592
0.8824495077133179
0.901129424571991
0.0
0.048352986574172974
0.13906636834144592
0.13906636834144592
0.13906636834144592
0.13906636834144592
0.13906636834144592
0.13906636834144592
0.13906636834144592
0.7864219546318054
1.1721343994140625
0.11272586137056351
0.0
0.1375350058078766
0.13906636834144592
0.13906636834144592
0.13906636834144592
0.13906636834144592
0.13906636834144592
0.13906636834144592
0.35771244764328003
1.2447938919067383
1.021296501159668
0.0
0.05865529179573059
0.13906636834144592
0.13906636834144592
0.13906636834144592
0.13906636834144592
0.13906636834144592
0.13906636834144592
0.13906636834144592
1.0617117881774902
1.1836965084075928
0.0
0.0
0.13906636834144592
0.13906636834144592
0.13906636834144592
0.13906636834144592
0.13906636834144592
0.13906636834144592
0.13906636834144592
0.5930412411689758
1.0850173234939575
0.4971570670604706
0.0
0.11505035310983658
0.13906636834144592
0.13906636834144592
0.13906636834144592
0.13906636834144592
0.13906636834144592
0.13906636834144592
0.13906636834144592
0.5982785224914551
0.7914071679115295
0.06721150875091553
0.0
0.13906636834144592
0.13906636834144592
0.13906636834144592
0.13906636834144592
0.13906636834144592
0.0
0.0
0.0
0.0
0.0
0.0
0.0
0.0
0.0
0.0
0.0
0.0
0.0
0.0
0.0
0.0
0.0
0.0
0.0
0.0
0.0
0.0
0.0
0.0
0.0
0.5014222860336304
0.4634435176849365
0.27168381214141846
0.25148120522499084
0.07858322560787201
0.06799814105033875
0.02782103419303894
0.027922630310058594
0.0
0.0
0.0
0.0
0.12150299549102783
0.27959826588630676
0.5323392748832703
0.564568281173706
0.3943943977355957
0.3488563299179077
0.7513318061828613
1.1771248579025269
0.0
0.0
0.0
0.0
0.0
0.0
0.0
0.012222737073898315
0.06866893172264099
0.1252417266368866
1.0887796878814697
1.125730276107788
0.0
0.0
0.0
0.0
0.0
0.0
0.0
0.0
0.0
0.40799567103385925
0.799838662147522
0.18649306893348694
0.0
0.0
0.0
0.0
0.0
0.0
0.0
0.0
0.0
0.7698610424995422
0.6668057441711426
0.0
0.0
0.0
0.0
0.0
0.0
0.0
0.0
0.0
0.5162436366081238
0.7624174356460571
0.11405855417251587
0.0
0.0
0.0
0.0
0.0
0.0
0.0
0.0
0.10380958020687103
0.8082504272460938
0.46917182207107544
0.0
0.0
0.0
0.0
0.0
0.0
0.0
0.0
0.0
0.8059242963790894
0.7805913686752319
0.0
0.0
0.0
0.0
0.0
0.0
0.0
0.0
0.0
0.3935866951942444
0.8689417839050293
0.4663609564304352
0.0
0.0
0.0
0.0
0.0
0.0
0.0
0.0
0.0
0.5889697670936584
0.8867740631103516
0.24475184082984924
0.0
0.0
0.0
0.0
0.0
0.0
0.0
0.0
0.0
0.0
0.0
0.0
0.0
0.0
0.0
0.0
0.0
0.0
0.0
0.012463919818401337
0.06399765610694885
0.08068704605102539
0.04494662582874298
0.0
0.0
0.0
0.0
0.0
0.0
0.0
0.0
0.08231900632381439
0.08553548157215118
0.061474233865737915
0.12801852822303772
0.15731026232242584
0.13377885520458221
0.13377885520458221
0.13003258407115936
0.07060237228870392
0.05194750428199768
0.0
0.0
0.14391830563545227
0.0
0.01611337810754776
0.007582016289234161
0.0
0.0
0.0
0.0
0.0
0.02747834473848343
0.0
0.0
0.0
0.0
0.10254177451133728
0.08671888709068298
0.05237370729446411
0.05236920714378357
0.2736544907093048
0.16723158955574036
0.08359026908874512
0.1418682038784027
0.0
0.0
0.0
0.0
0.0
0.0
0.0
0.10534179210662842
0.20435768365859985
0.0
0.155908465385437
0.11860302090644836
0.0
0.0
0.0
0.0
0.0
0.0
0.0
0.1644665002822876
0.006164371967315674
0.1219850480556488
0.2029763162136078
0.0
0.0
0.0
0.0
0.0
0.0
0.0
0.11705760657787323
0.14130255579948425
0.0
0.175551176071167
0.08614650368690491
0.0
0.0
0.0
0.0
0.0
0.0
0.09139138460159302
0.2031233012676239
0.0
0.07523882389068604
0.16735562682151794
0.0
0.0
0.0
0.0
0.0
0.0
0.003934331238269806
0.17841142416000366
0.21053314208984375
0.0
0.16085442900657654
0.0775919258594513
0.0
0.0
0.0
0.0
0.0
0.0
0.10358326137065887
0.18160444498062134
0.0
0.26402929425239563
0.22326084971427917
0.0
0.0
0.0
0.0
0.0
0.0
0.0
0.129890576004982
0.03049314022064209
0.0
0.09516894817352295
0.0
0.0
0.0
0.0
0.0
0.0
0.0
0.0
0.0
0.0
0.0
0.0
0.0
0.0
0.0
0.0
0.0
0.0
0.0
0.0
0.0
0.0
0.0
0.0
0.0
0.0
0.0
0.0
0.0
0.0
0.2747688591480255
0.0
0.0
0.0
0.0
0.0
0.0
0.0
0.0
0.0
0.0
0.0
0.9822869300842285
1.4935449361801147
1.8768835067749023
1.9744830131530762
1.7093384265899658
1.5915275812149048
1.459769606590271
1.1578550338745117
0.0
0.0
0.0
0.0
0.1405869424343109
0.48564058542251587
0.7876696586608887
1.2387982606887817
1.4910694360733032
1.5330370664596558
1.3983240127563477
1.3294343948364258
0.0750592052936554
0.0216367244720459
0.0
0.0
0.0
0.0
0.0
0.000603795051574707
0.0
0.060874778777360916
0.29183608293533325
0.023881450295448303
0.08955797553062439
0.02615940570831299
0.0
0.0
0.0
0.0
0.0
0.0
0.0
0.4208791255950928
0.37666285037994385
0.16318121552467346
0.13089323043823242
0.00415802001953125
0.0
0.0
0.0
0.0
0.0
0.0
0.0
0.2001163363456726
0.0
0.07404741644859314
0.04082811251282692
0.0
0.0
0.0
0.0
0.0
0.0
0.022294946014881134
0.16454748809337616
0.040703218430280685
0.16304320096969604
0.06138813868165016
0.0
0.0
0.0
0.0
0.0
0.0
0.0
0.1663852334022522
0.31615960597991943
0.21068066358566284
0.2933295965194702
0.03663993254303932
0.0
0.0
0.0
0.0
0.0
0.0
0.08985313773155212
0.3013300895690918
0.0
0.0
0.06475949287414551
0.0
0.0
0.0
0.0
0.0
0.0
0.0
0.9200182557106018
1.208551049232483
0.9707313776016235
0.2142915576696396
0.0
0.0
0.0
0.0
0.0
0.0
0.0
0.0
0.0
0.0
0.0
0.0
0.0
0.0
0.0
0.0
0.0
0.0
0.0
0.0
0.0
0.0
0.0
0.0
0.0
0.0
0.0
0.0
0.0
0.0
0.0
0.528059720993042
0.20044833421707153
0.0
0.018794134259223938
0.11633773893117905
0.09590818732976913
0.10291174054145813
0.0
0.0
0.0
0.0
0.025449175387620926
0.6434815526008606
0.0
0.0
0.0
0.0
0.0
0.5891737341880798
0.02210979163646698
0.0
0.0
0.0
0.0
0.18319237232208252
0.0
0.1211588978767395
0.0
0.0
0.29416245222091675
1.2237545251846313
0.03357657417654991
0.0
0.0
0.0
0.0
0.0
0.0
0.0
0.0
0.0
1.2784423828125
1.413521409034729
0.0
0.0
0.0
0.0
0.0
0.0
0.0
0.0
0.0
0.2559802532196045
1.428756833076477
0.5642140507698059
0.0
0.0
0.0
0.0
0.0
0.0
0.0
0.0
0.0
1.2540833950042725
1.4595849514007568
0.0
0.0
0.0
0.0
0.0
0.0
0.0
0.0
0.0
0.7615117430686951
1.3221104145050049
0.26251086592674255
0.0
0.0
0.0
0.0
0.0
0.0
0.0
0.0
0.12247098982334137
1.356072187423706
1.0870312452316284
0.0
0.0
0.0
0.0
0.0
0.0
0.0
0.0
0.0
1.3270021677017212
1.5295255184173584
0.0
0.0
0.0
0.0
0.0
0.0
0.0
0.0
0.0
0.0
1.498921513557434
1.209757685661316
0.0
0.0
0.0
0.0
0.0
0.0
0.43117234110832214
0.43117234110832214
0.43117234110832214
0.43117234110832214
0.43117234110832214
0.43117234110832214
0.43117234110832214
0.43117234110832214
0.43117234110832214
0.43117234110832214
0.43117234110832214
0.43117234110832214
0.43117234110832214
0.43117234110832214
0.43117234110832214
0.44052040576934814
0.48222970962524414
0.4478181004524231
0.43117234110832214
0.43117234110832214
0.43117234110832214
0.43117234110832214
0.43117234110832214
0.43117234110832214
0.43117234110832214
0.24912819266319275
0.05187055468559265
0.02054297924041748
0.19671669602394104
0.28224000334739685
0.2803792357444763
0.2803792357444763
0.3885241448879242
0.4816935062408447
0.4875853657722473
0.43117234110832214
0.43117234110832214
0.284675657749176
0.2597319483757019
0.1429324746131897
0.0196213498711586
0.0
0.0
0.0
0.0
0.07164620608091354
0.4198904037475586
0.43117234110832214
0.43117234110832214
0.49404042959213257
0.6459649801254272
0.6144201755523682
0.6855028867721558
0.7195416688919067
0.6742182970046997
0.3561902344226837
0.21889737248420715
0.2936015725135803
0.4230562448501587
0.43117234110832214
0.43117234110832214
0.43117234110832214
0.43117234110832214
0.434948205947876
0.46751368045806885
0.5206729173660278
0.45644986629486084
0.0
0.0984690859913826
0.43374061584472656
0.43321460485458374
0.43117234110832214
0.43117234110832214
0.43117234110832214
0.43117234110832214
0.43117234110832214
0.43117234110832214
0.43117234110832214
0.20693066716194153
0.12384938448667526
0.32771676778793335
0.48088300228118896
0.43539029359817505
0.43117234110832214
0.43117234110832214
0.43117234110832214
0.43117234110832214
0.43117234110832214
0.43117234110832214
0.3813425600528717
0.0
0.14694151282310486
0.4564059376716614
0.4348604679107666
0.43117234110832214
0.43117234110832214
0.43117234110832214
0.43117234110832214
0.43117234110832214
0.43117234110832214
0.4291791319847107
0.043016329407691956
0.05674543231725693
0.30401837825775146
0.4642578363418579
0.43673235177993774
0.43117234110832214
0.43117234110832214
0.43117234110832214
0.43117234110832214
0.43117234110832214
0.43117234110832214
0.24917742609977722
0.04131527990102768
0.2593320310115814
0.4668275713920593
0.4366365075111389
0.43117234110832214
0.43117234110832214
0.43117234110832214
0.43117234110832214
0.43117234110832214
0.43117234110832214
0.3906441032886505
0.0
0.0023192688822746277
0.43562227487564087
0.49008673429489136
0.43452751636505127
0.43117234110832214
0.43117234110832214
0.43117234110832214
0.43117234110832214
0.43117234110832214
0.43117234110832214
0.29605528712272644
0.03139866143465042
0.037633396685123444
0.3549531102180481
0.43126818537712097
0.43117234110832214
0.43117234110832214
0.43117234110832214
0.43117234110832214
0.0
0.0
0.0
0.0
0.0
0.0
0.0
0.0
0.0
0.0
0.0
0.0
0.0
0.0
0.0
0.0
0.0
0.0
0.0
0.0
0.0
0.0
0.0
0.0
0.0
0.0
0.0
0.2564955949783325
0.11325958371162415
0.13920599222183228
0.09452834725379944
0.12675847113132477
0.10995100438594818
0.4067726731300354
0.23146505653858185
0.0
0.0
0.0
0.22321133315563202
0.06425882875919342
0.029943063855171204
0.06366844475269318
0.11092030256986618
0.2502255439758301
0.09705749154090881
0.6114965677261353
0.4006114602088928
0.0
0.0
0.0
0.0
0.1230822280049324
0.26459094882011414
0.2520756125450134
0.20037396252155304
0.191279798746109
0.9655138850212097
1.3472036123275757
0.0
0.0
0.0
0.0
0.0
0.0
0.0
0.0
0.0
0.0
1.1890610456466675
0.8006125688552856
0.0
0.0
0.0
0.0
0.0
0.0
0.0
0.0
0.0
0.7848295569419861
1.1540794372558594
0.0
0.0
0.0
0.0
0.0
0.0
0.0
0.0
0.0
0.0
1.141688585281372
0.642008900642395
0.0
0.0
0.0
0.0
0.0
0.0
0.0
0.0
0.0
1.3297450542449951
1.2529605627059937
0.0
0.0
0.0
0.0
0.0
0.0
0.0
0.0
0.0
0.7538051605224609
1.2952055931091309
0.20425258576869965
0.0
0.0
0.0
0.0
0.0
0.0
0.0
0.0
0.0
1.0914448499679565
1.0624183416366577
0.0
0.0
0.0
0.0
0.0
0.0
0.0
0.0
0.0
0.3287803530693054
0.980793297290802
0.5347740054130554
0.0
0.0
0.0
0.0
0.0
1.168734073638916
1.168734073638916
1.168734073638916
1.168734073638916
1.168734073638916
1.168734073638916
1.168734073638916
1.168734073638916
1.168734073638916
1.168734073638916
1.168734073638916
1.168734073638916
1.168734073638916
1.176597237586975
1.168734073638916
1.168734073638916
1.2071340084075928
1.19459867477417
1.168734073638916
1.168734073638916
1.168734073638916
1.168734073638916
1.168734073638916
1.168734073638916
1.168734073638916
1.1347109079360962
0.47830304503440857
0.4520527422428131
0.7612517476081848
0.9548843502998352
0.9389802813529968
0.9389802813529968
0.9368004202842712
1.1616655588150024
1.2608667612075806
1.168734073638916
1.168734073638916
0.8769665360450745
0.1506536453962326
0.21316872537136078
0.16800062358379364
0.09396757185459137
0.0
0.0
0.0
0.7268388867378235
1.215084433555603
1.168734073638916
1.168734073638916
1.1464385986328125
1.1273540258407593
1.1584209203720093
1.0073665380477905
1.0608159303665161
1.0637791156768799
0.8397548198699951
0.0
1.2650986909866333
1.6351909637451172
1.168734073638916
1.168734073638916
1.168734073638916
1.168734073638916
1.168734073638916
1.1740163564682007
1.1699610948562622
1.1962896585464478
0.4644351303577423
0.05752423778176308
1.6034977436065674
1.6003538370132446
1.168734073638916
1.168734073638916
1.168734073638916
1.168734073638916
1.168734073638916
1.168734073638916
1.174656867980957
1.0541881322860718
0.0
1.1338764429092407
1.628100037574768
1.2994667291641235
1.168734073638916
1.168734073638916
1.168734073638916
1.168734073638916
1.168734073638916
1.1705126762390137
1.1757546663284302
0.36661604046821594
0.18154728412628174
1.6147860288619995
1.6071959733963013
1.168734073638916
1.168734073638916
1.168734073638916
1.168734073638916
1.168734073638916
1.168734073638916
1.1741095781326294
0.8817636966705322
0.0
1.1372044086456299
1.6206785440444946
1.2392290830612183
1.168734073638916
1.168734073638916
1.168734073638916
1.168734073638916
1.168734073638916
1.1716359853744507
1.1499919891357422
0.0
0.6894511580467224
1.6140259504318237
1.5741006135940552
1.168734073638916
1.168734073638916
1.168734073638916
1.168734073638916
1.168734073638916
1.168734073638916
1.1744441986083984
0.47176608443260193
0.0
1.5396066904067993
1.6145566701889038
1.2112740278244019
1.168734073638916
1.168734073638916
1.168734073638916
1.168734073638916
1.168734073638916
1.168734073638916
1.0563795566558838
0.0
0.36849838495254517
1.6529794931411743
1.3355275392532349
1.168734073638916
1.168734073638916
1.168734073638916
1.168734073638916
0.004597872495651245
0.004597872495651245
0.004597872495651245
0.004597872495651245
0.004597872495651245
0.004597872495651245
0.004597872495651245
0.004597872495651245
0.004597872495651245
0.004597872495651245
0.004597872495651245
0.004597872495651245
0.004597872495651245
0.004597872495651245
0.004597872495651245
0.004597872495651245
0.004597872495651245
0.004597872495651245
0.004597872495651245
0.004597872495651245
0.004597872495651245
0.004597872495651245
0.004597872495651245
0.004597872495651245
0.004597872495651245
0.0
0.0364505797624588
0.26953330636024475
0.24742069840431213
0.0024583935737609863
0.0
0.0
0.0
0.16258427500724792
0.0
0.004597872495651245
0.004597872495651245
0.0
0.5064025521278381
0.41509902477264404
0.36315301060676575
0.3410092294216156
0.25829827785491943
0.2731975317001343
0.43730849027633667
1.325206995010376
0.2581324875354767
0.004597872495651245
0.004597872495651245
0.0
0.6854908466339111
0.4578782618045807
0.46347782015800476
0.541666567325592
0.492918461561203
0.31279492378234863
0.9925485253334045
1.8918063640594482
0.20181027054786682
0.004597872495651245
0.004597872495651245
0.004597872495651245
0.004597872495651245
0.004597872495651245
0.07240095734596252
0.10191644728183746
0.06426942348480225
0.0
1.9387199878692627
1.8287155628204346
0.0
0.004597872495651245
0.004597872495651245
0.004597872495651245
0.004597872495651245
0.004597872495651245
0.004597872495651245
0.004597872495651245
0.0
0.938919723033905
1.9851410388946533
0.603323221206665
0.004597872495651245
0.004597872495651245
0.004597872495651245
0.004597872495651245
0.004597872495651245
0.004597872495651245
0.004597872495651245
0.0
0.0
1.906916618347168
1.623358964920044
0.0012162625789642334
0.004597872495651245
0.004597872495651245
0.004597872495651245
0.004597872495651245
0.004597872495651245
0.004597872495651245
0.0030627548694610596
0.0
1.0468003749847412
1.8829748630523682
0.4590463638305664
0.004597872495651245
0.004597872495651245
0.004597872495651245
0.004597872495651245
0.004597872495651245
0.004597872495651245
0.004597872495651245
0.0
0.1708477884531021
1.8518295288085938
1.4234848022460938
0.004597872495651245
0.004597872495651245
0.004597872495651245
0.004597872495651245
0.004597872495651245
0.004597872495651245
0.004597872495651245
0.0
0.0
1.9393699169158936
2.0943830013275146
0.06592342257499695
0.004597872495651245
0.004597872495651245
0.004597872495651245
0.004597872495651245
0.004597872495651245
0.004597872495651245
0.004597872495651245
0.0
0.19687342643737793
2.0721471309661865
1.126344919204712
0.004597872495651245
0.004597872495651245
0.004597872495651245
0.004597872495651245
0.004597872495651245
0.11439861357212067
0.11439861357212067
0.11439861357212067
0.11439861357212067
0.11439861357212067
0.11439861357212067
0.11439861357212067
0.11439861357212067
0.11439861357212067
0.11439861357212067
0.11439861357212067
0.11439861357212067
0.11439861357212067
0.3139362037181854
0.35777348279953003
0.12032804638147354
0.11439861357212067
0.11439861357212067
0.11439861357212067
0.11439861357212067
0.11439861357212067
0.11439861357212067
0.11439861357212067
0.11439861357212067
0.11439861357212067
0.3056744337081909
0.36367911100387573
0.3081895112991333
0.46871596574783325
0.22230806946754456
0.13669991493225098
0.13469836115837097
0.1531396508216858
0.04593800753355026
0.0636417493224144
0.11439861357212067
0.11439861357212067
0.03871528059244156
0.0946231409907341
0.0
0.0888909175992012
0.11735863983631134
0.1256803274154663
0.17684480547904968
0.44667553901672363
0.39848679304122925
0.08523010462522507
0.11439861357212067
0.11439861357212067
0.2347530871629715
0.3090968728065491
0.23886729776859283
0.26519399881362915
0.2766109108924866
0.3053846061229706
0.2320094257593155
0.16364189982414246
0.13657529652118683
0.03657696396112442
0.11439861357212067
0.11439861357212067
0.11439861357212067
0.11439861357212067
0.12190641462802887
0.14961878955364227
0.1646156758069992
0.27763915061950684
0.026562198996543884
0.3007293939590454
0.22503922879695892
0.10910658538341522
0.11439861357212067
0.11439861357212067
0.11439861357212067
0.11439861357212067
0.11439861357212067
0.11439861357212067
0.19893455505371094
0.12001530826091766
0.3391280770301819
0.2916959524154663
0.018022291362285614
0.11439861357212067
0.11439861357212067
0.11439861357212067
0.11439861357212067
0.11439861357212067
0.11439861357212067
0.12809321284294128
0.2578762471675873
0.04030230641365051
0.25905656814575195
0.14978905022144318
0.1129286140203476
0.11439861357212067
0.11439861357212067
0.11439861357212067
0.11439861357212067
0.11439861357212067
0.11439861357212067
0.2498190850019455
0.2223796397447586
0.3111463785171509
0.2906116843223572
0.035865120589733124
0.11439861357212067
0.11439861357212067
0.11439861357212067
0.11439861357212067
0.11439861357212067
0.11439861357212067
0.18862664699554443
0.27089211344718933
0.16028718650341034
0.26743394136428833
0.1993139237165451
0.11439861357212067
0.11439861357212067
0.11439861357212067
0.11439861357212067
0.11439861357212067
0.11439861357212067
0.11439861357212067
0.21443530917167664
0.08149345219135284
0.3834376931190491
0.23604117333889008
0.09132140129804611
0.11439861357212067
0.11439861357212067
0.11439861357212067
0.11439861357212067
0.11439861357212067
0.11439861357212067
0.11439861357212067
0.05884053185582161
0.24214987456798553
0.5361098051071167
0.14998377859592438
0.11439861357212067
0.11439861357212067
0.11439861357212067
0.11439861357212067
0.11439861357212067
0.24043983221054077
0.24043983221054077
0.24043983221054077
0.24043983221054077
0.24043983221054077
0.24043983221054077
0.24043983221054077
0.24043983221054077
0.24043983221054077
0.24043983221054077
0.24043983221054077
0.24043983221054077
0.24043983221054077
0.24043983221054077
0.24043983221054077
0.5068709850311279
0.48991936445236206
0.32682111859321594
0.24043983221054077
0.24043983221054077
0.24043983221054077
0.24043983221054077
0.24043983221054077
0.24043983221054077
0.24043983221054077
0.1439531296491623
0.0
0.49330082535743713
0.6301546096801758
0.5915740132331848
0.46761155128479004
0.46761155128479004
0.4912028908729553
0.7705173492431641
0.6960314512252808
0.24043983221054077
0.24043983221054077
0.16797423362731934
0.23330390453338623
0.23287445306777954
0.0
0.0
0.0
0.0
0.0
0.6370214223861694
0.6778277158737183
0.24043983221054077
0.24043983221054077
0.23019468784332275
0.41181260347366333
0.4873976707458496
0.4474599361419678
0.5288394689559937
0.4979986250400543
0.24156907200813293
0.1931905448436737
1.054019808769226
0.44130706787109375
0.24043983221054077
0.24043983221054077
0.24043983221054077
0.24043983221054077
0.24043983221054077
0.24043983221054077
0.27967119216918945
0.2662534713745117
0.0
0.7664026618003845
0.9499603509902954
0.2904178500175476
0.24043983221054077
0.24043983221054077
0.24043983221054077
0.24043983221054077
0.24043983221054077
0.24043983221054077
0.24043983221054077
0.10829298943281174
0.0033806636929512024
0.9545827507972717
0.697582483291626
0.24648192524909973
0.24043983221054077
0.24043983221054077
0.24043983221054077
0.24043983221054077
0.24043983221054077
0.24043983221054077
0.23548918962478638
0.0
0.8587804436683655
0.9899649620056152
0.24676787853240967
0.24043983221054077
0.24043983221054077
0.24043983221054077
0.24043983221054077
0.24043983221054077
0.24043983221054077
0.24024179577827454
0.0
0.29860711097717285
0.8972769975662231
0.6154727339744568
0.2484043836593628
0.24043983221054077
0.24043983221054077
0.24043983221054077
0.24043983221054077
0.24043983221054077
0.24043983221054077
0.17397019267082214
0.0
0.8756868243217468
0.7821636199951172
0.24826708436012268
0.24043983221054077
0.24043983221054077
0.24043983221054077
0.24043983221054077
0.24043983221054077
0.24043983221054077
0.23641332983970642
0.0
0.5692200660705566
1.0744057893753052
0.48635751008987427
0.2452460527420044
0.24043983221054077
0.24043983221054077
0.24043983221054077
0.24043983221054077
0.24043983221054077
0.24043983221054077
0.1305367350578308
0.0
0.7256117463111877
0.8738782405853271
0.24241399765014648
0.24043983221054077
0.24043983221054077
0.24043983221054077
0.24043983221054077
0.04428708553314209
0.04428708553314209
0.04428708553314209
0.04428708553314209
0.04428708553314209
0.04428708553314209
0.04428708553314209
0.04428708553314209
0.04428708553314209
0.04428708553314209
0.04428708553314209
0.04428708553314209
0.04428708553314209
0.14258965849876404
0.04428708553314209
0.11354398727416992
0.14390000700950623
0.08827027678489685
0.04428708553314209
0.04428708553314209
0.04428708553314209
0.04428708553314209
0.04428708553314209
0.04428708553314209
0.04428708553314209
0.7409780025482178
1.4362599849700928
1.5618798732757568
1.3065247535705566
1.1524738073349
1.099366545677185
1.1260199546813965
1.108579158782959
0.6158246994018555
0.338299959897995
0.04428708553314209
0.04428708553314209
0.4334220290184021
0.7573871612548828
1.1446301937103271
1.4089449644088745
1.6661875247955322
1.648441195487976
1.7990046739578247
1.7164322137832642
1.0456427335739136
0.47788503766059875
0.04428708553314209
0.04428708553314209
0.0
0.0
0.0
0.0
0.0
0.0
0.0
0.43819645047187805
0.5358449220657349
0.007844686508178711
0.04428708553314209
0.04428708553314209
0.04428708553314209
0.04428708553314209
0.04428708553314209
0.04428708553314209
0.04428708553314209
0.45423758029937744
0.5444881916046143
0.6118386387825012
0.3363686800003052
0.025149047374725342
0.04428708553314209
0.04428708553314209
0.04428708553314209
0.04428708553314209
0.04428708553314209
0.04428708553314209
0.1443815380334854
0.5466465950012207
0.38219738006591797
0.534515380859375
0.0
0.04428708553314209
0.04428708553314209
0.04428708553314209
0.04428708553314209
0.04428708553314209
0.04428708553314209
0.05860289931297302
0.42811617255210876
0.44073447585105896
0.5672457814216614
0.17529985308647156
0.038971006870269775
0.04428708553314209
0.04428708553314209
0.04428708553314209
0.04428708553314209
0.04428708553314209
0.04428708553314209
0.34805333614349365
0.618116021156311
0.6452485918998718
0.626542329788208
0.0
0.04428708553314209
0.04428708553314209
0.04428708553314209
0.04428708553314209
0.04428708553314209
0.04428708553314209
0.16226397454738617
0.5543063879013062
0.5840933918952942
0.4900389313697815
0.0
0.04428708553314209
0.04428708553314209
0.04428708553314209
0.04428708553314209
0.04428708553314209
0.04428708553314209
0.04428708553314209
0.455963134765625
0.7095634937286377
0.6961305141448975
0.397769570350647
0.0
0.04428708553314209
0.04428708553314209
0.04428708553314209
0.04428708553314209
0.04428708553314209
0.04428708553314209
0.04428708553314209
0.5635512471199036
0.5179867744445801
0.9666244983673096
0.032131850719451904
0.04428708553314209
0.04428708553314209
0.04428708553314209
0.04428708553314209
0.04428708553314209
0.35619688034057617
0.35619688034057617
0.35619688034057617
0.35619688034057617
0.35619688034057617
0.35619688034057617
0.35619688034057617
0.35619688034057617
0.35619688034057617
0.35619688034057617
0.35619688034057617
0.35619688034057617
0.35619688034057617
0.7329139113426208
0.6910921335220337
0.35619688034057617
0.35619688034057617
0.35619688034057617
0.35619688034057617
0.35619688034057617
0.35619688034057617
0.35619688034057617
0.35619688034057617
0.35619688034057617
0.35619688034057617
1.2943437099456787
1.0196434259414673
0.03728349506855011
0.0
0.17042995989322662
0.28011560440063477
0.28011560440063477
0.22662606835365295
0.0
0.2796444594860077
0.35619688034057617
0.35619688034057617
1.2816287279129028
1.2605485916137695
0.6107704043388367
0.43466997146606445
0.09591798484325409
0.08108213543891907
0.6423127055168152
0.7539808750152588
0.0
0.0
0.35619688034057617
0.35619688034057617
1.0691803693771362
1.2423723936080933
0.9834044575691223
1.0721615552902222
0.928639829158783
1.179046392440796
2.177180290222168
1.5252493619918823
0.0
0.1311980038881302
0.35619688034057617
0.35619688034057617
0.35619688034057617
0.35619688034057617
0.3765457272529602
0.4650844633579254
0.49412626028060913
1.373414397239685
1.8272488117218018
0.8139453530311584
0.0
0.3434995114803314
0.35619688034057617
0.35619688034057617
0.35619688034057617
0.35619688034057617
0.35619688034057617
0.35619688034057617
0.6063280701637268
1.9463980197906494
1.782313346862793
0.0
0.10596315562725067
0.35619688034057617
0.35619688034057617
0.35619688034057617
0.35619688034057617
0.35619688034057617
0.35619688034057617
0.3924933671951294
1.3884025812149048
1.7733311653137207
0.7822848558425903
0.0
0.3526698350906372
0.35619688034057617
0.35619688034057617
0.35619688034057617
0.35619688034057617
0.35619688034057617
0.35619688034057617
1.094559907913208
1.6671826839447021
1.3433363437652588
0.0
0.17352019250392914
0.35619688034057617
0.35619688034057617
0.35619688034057617
0.35619688034057617
0.35619688034057617
0.35619688034057617
0.6427474021911621
1.7867000102996826
1.6982614994049072
0.04632684588432312
0.0
0.35619688034057617
0.35619688034057617
0.35619688034057617
0.35619688034057617
0.35619688034057617
0.35619688034057617
0.35619688034057617
1.375828504562378
2.0343642234802246
1.1015349626541138
0.0
0.3009278476238251
0.35619688034057617
0.35619688034057617
0.35619688034057617
0.35619688034057617
0.35619688034057617
0.35619688034057617
0.35619688034057617
1.732598066329956
2.175187349319458
0.0
0.0
0.35619688034057617
0.35619688034057617
0.35619688034057617
0.35619688034057617
0.35619688034057617
0.0
0.0
0.0
0.0
0.0
0.0
0.0
0.0
0.0
0.0
0.0
0.0
0.0
0.10029527544975281
0.2224653661251068
0.0
0.0
0.0
0.0
0.0
0.0
0.0
0.0
0.0
0.0
0.4378117322921753
0.513455867767334
0.0
0.0
0.04730138182640076
0.0723172128200531
0.0723172128200531
0.05009689927101135
0.0
0.0
0.0
0.0
0.4817461371421814
0.8686065673828125
0.8117682337760925
0.7657133340835571
0.6247093677520752
0.6687823534011841
0.9446283578872681
1.1827057600021362
0.0
0.0
0.0
0.0
0.1368214190006256
0.46251386404037476
0.3748329281806946
0.536891758441925
0.5823229551315308
0.7277776002883911
1.4333747625350952
1.4750713109970093
0.0
0.0
0.0
0.0
0.0
0.0
0.0
0.0
0.0
0.5048383474349976
0.9611635208129883
0.3951849937438965
0.0
0.0
0.0
0.0
0.0
0.0
0.0
0.0
0.0
0.9933485984802246
0.9972970485687256
0.0
0.0
0.0
0.0
0.0
0.0
0.0
0.0
0.0
0.6035432815551758
0.918452262878418
0.489027202129364
0.0
0.0
0.0
0.0
0.0
0.0
0.0
0.0
0.23578375577926636
0.9233243465423584
0.6932122111320496
0.0
0.0
0.0
0.0
0.0
0.0
0.0
0.0
0.0
0.9510191679000854
0.9439173936843872
0.051532596349716187
0.0
0.0
0.0
0.0
0.0
0.0
0.0
0.0
0.4967736303806305
1.1232490539550781
0.7065063714981079
0.0
0.0
0.0
0.0
0.0
0.0
0.0
0.0
0.0
0.7078976631164551
1.151903748512268
0.4049261510372162
0.0
0.0
0.0
0.0
0.0
0.0
0.0
0.0
0.0
0.0
0.0
0.0
0.0
0.0
0.0
0.0
0.0
0.0
0.0
0.0
0.0
0.0
0.0
0.0
0.0
0.0
0.0
0.0
0.0
0.0
0.0
0.0
0.0
0.0
0.0
0.0
0.0
0.0
0.0
0.0
0.0
0.0
0.0
1.014678716659546
2.1333250999450684
2.3478145599365234
1.6538112163543701
0.5733805298805237
0.08899948000907898
0.01894509792327881
0.0
0.0
0.0
0.0
0.0
0.9819611310958862
2.1953485012054443
3.0188772678375244
3.152230978012085
3.201073169708252
3.067312717437744
2.981868267059326
2.2842488288879395
0.6036209464073181
0.5660022497177124
0.0
0.0
0.0
0.0
0.007299512624740601
0.14518216252326965
0.3642880320549011
0.4432612955570221
0.31010672450065613
0.2603132724761963
0.7636725902557373
0.6149265766143799
0.0
0.0
0.0
0.0
0.0
0.0
0.0
0.19383388757705688
0.2946063280105591
0.8216728568077087
0.9138379096984863
0.14347386360168457
0.0
0.0
0.0
0.0
0.0
0.0
0.0
0.15866941213607788
0.2364252805709839
0.8064981698989868
0.5706513524055481
0.0
0.0
0.0
0.0
0.0
0.0
0.0
0.0
0.0
0.7878155708312988
0.7617570161819458
0.06354960799217224
0.0
0.0
0.0
0.0
0.0
0.0
0.0
0.0
0.7260385751724243
1.096407175064087
0.545935869216919
0.0
0.0
0.0
0.0
0.0
0.0
0.0
0.0
0.0
0.8489247560501099
0.9222551584243774
0.03182128071784973
0.0
0.0
0.0
0.0
0.0
0.0
0.3754141926765442
1.028498888015747
0.901441216468811
0.7551665306091309
0.08519527316093445
0.0
0.0
0.0
0.0
