0.0
0.0
0.0
0.0
0.4226197600364685
0.7621527910232544
2.1150033473968506
0.0
0.052627190947532654
2.303783893585205
2.432084083557129
0.0
0.954779863357544
1.711173176765442
0.0
0.0
0.0
0.0
0.3258857727050781
0.0
0.8159823417663574
1.4252655506134033
2.8482625484466553
0.676970362663269
0.0
0.5875767469406128
1.1657917499542236
0.0
0.0
0.8742802143096924
0.0
0.0
0.0
0.0
0.1360999345779419
0.031019896268844604
0.0
0.0
0.6812140941619873
0.0
0.9565687775611877
3.652218818664551
3.3287272453308105
0.21899491548538208
1.6915738582611084
3.9643754959106445
0.7039563655853271
1.5786277055740356
3.519117832183838
3.6060757637023926
3.19602632522583
2.4167726039886475
0.6901116371154785
0.6583012938499451
0.42340728640556335
1.3707263469696045
0.0
0.0
2.010343551635742
0.7353211641311646
0.0
2.655768632888794
2.938748836517334
0.0
0.0
0.0
0.0
1.8684322834014893
0.0
0.0
2.7591867446899414
3.8033928871154785
0.0
0.0
4.382474422454834
1.595170021057129
0.0
4.792331695556641
5.307482719421387
0.0
2.365670919418335
3.170729160308838
3.2036242485046387
2.671304702758789
0.0
0.0
0.6776794195175171
0.22780969738960266
0.00011627376079559326
0.8324699997901917
0.9207707643508911
0.0
0.48156699538230896
1.0419435501098633
0.35247135162353516
0.0
2.837930679321289
2.8452982902526855
2.4872941970825195
1.8348619937896729
0.0
0.0
0.0
0.16049526631832123
0.0
0.0
0.0
0.11605626344680786
0.0
0.0
0.12222238630056381
0.2131824940443039
2.3279125690460205
2.7958457469940186
2.243584632873535
1.1274536848068237
0.0
0.0
0.0
0.26648712158203125
0.0
0.0
0.0
0.7917129993438721
0.0
0.0
0.5457491874694824
0.17180955410003662
0.0
0.24417823553085327
0.4310421943664551
0.0
0.03828643634915352
0.23280683159828186
0.0
0.0
0.44715315103530884
0.2900083661079407
0.0
0.0
0.507763683795929
0.0
0.0
0.24966898560523987
0.5197694301605225
0.1835792064666748
0.7037323713302612
0.19635023176670074
0.0
0.7863255739212036
0.8120759725570679
1.4557163715362549
0.0
0.0
0.7814570069313049
1.1543350219726562
0.0
0.0
1.2938714027404785
0.0
3.187252998352051
3.368617057800293
3.4220361709594727
2.9888744354248047
0.0
0.0
0.32199084758758545
1.450215220451355
0.0
0.7217973470687866
1.3897900581359863
0.26734399795532227
0.1486416757106781
1.7561841011047363
1.2861289978027344
0.08844372630119324
0.7636361122131348
1.5272393226623535
1.8631280660629272
1.4014341831207275
0.0
0.23402756452560425
0.0
0.6897585391998291
0.27223318815231323
0.4393198788166046
0.0
0.42979133129119873
0.5582038164138794
0.0
0.20212095975875854
0.3396216332912445
1.1665878295898438
0.55631422996521
0.6213346123695374
0.6597238183021545
0.0476442351937294
0.006732195615768433
0.36777567863464355
0.0020858347415924072
0.41597801446914673
0.578648567199707
0.7956492900848389
0.045322149991989136
0.40189844369888306
1.2540507316589355
0.6401018500328064
1.052053451538086
2.3598146438598633
1.2754371166229248
1.8386473655700684
0.6913679242134094
0.0
0.0
1.374541997909546
1.2287566661834717
0.0
0.0
0.0
0.0
0.0
0.0
0.0
0.0
0.44564729928970337
0.8443940877914429
0.7011278867721558
0.9930745363235474
0.0
0.0
0.0
0.31430524587631226
0.0
0.0
0.017987288534641266
0.1695076823234558
0.0
0.0
0.398221880197525
0.15948596596717834
0.0
0.0
0.0
1.8589837551116943
0.0
0.0
0.14146795868873596
5.324607849121094
0.0
0.0
5.325242042541504
6.034682273864746
0.0
1.6322622299194336
5.975401878356934
1.5101754665374756
0.0
0.0
0.233262300491333
0.678228497505188
0.0
0.048719391226768494
0.39245104789733887
1.18256676197052
0.0
0.0
0.0649280920624733
0.43520045280456543
0.0
0.1635018289089203
0.4113999605178833
0.4233410954475403
0.09579231590032578
0.0
0.0
0.3616821765899658
1.1721131801605225
0.0
2.273327350616455
0.0
0.5362759232521057
1.9340038299560547
3.4164974689483643
0.0
0.0
2.904752731323242
1.1680256128311157
0.0
0.8860011100769043
1.1022783517837524
0.3179910480976105
1.1410729885101318
0.2607347369194031
0.777601420879364
0.7107305526733398
1.7442352771759033
0.0
0.0
0.7754954099655151
0.5013904571533203
0.0
0.2753385603427887
0.8379855155944824
0.04191410541534424
1.0690802335739136
0.6616593599319458
0.0
0.0
5.032468318939209
4.97194242477417
5.048776626586914
2.6234219074249268
0.0
0.16580581665039062
0.0
0.5034198760986328
0.0
0.15575280785560608
0.0
0.5720281600952148
0.6429865956306458
0.0
0.0
0.47781944274902344
0.6582192778587341
0.0
1.13797926902771
1.2163084745407104
0.08091580867767334
0.1761196255683899
1.8060259819030762
0.0
0.0
2.2676382064819336
2.219986915588379
0.0
0.5021190047264099
0.6783135533332825
0.6951088309288025
0.9250273108482361
0.5076799392700195
0.2917889654636383
0.5435110330581665
0.714836835861206
0.0
0.0
0.9387274980545044
0.052413374185562134
0.0
1.5592637062072754
1.3169927597045898
0.0
2.9764461517333984
3.2087388038635254
3.4817042350769043
2.5321998596191406
0.0
0.34941431879997253
1.4282989501953125
1.6377105712890625
0.0
0.0
0.0
0.0
0.0
0.0
0.0
0.0
0.35814929008483887
0.524911105632782
0.6726721525192261
0.2353198379278183
0.2648248076438904
0.0
0.0
0.0
0.5355038642883301
0.9635533690452576
0.817366898059845
0.0
0.13870489597320557
0.19092661142349243
0.0
0.0
0.46593359112739563
0.48908352851867676
0.8146719336509705
0.7969875931739807
0.3624367117881775
0.16283071041107178
0.7380439043045044
0.05443763732910156
0.0
0.9184601306915283
0.4526880383491516
0.0
0.5568972826004028
0.9329745769500732
0.2801869213581085
0.0
0.24535495042800903
0.4733272194862366
0.49729061126708984
0.6480421423912048
0.0
0.0
0.44953322410583496
0.7705082297325134
0.10568471252918243
0.31957340240478516
0.39508193731307983
0.22543957829475403
0.1336929053068161
0.560172975063324
0.3215401768684387
0.0
0.9057693481445312
1.9513514041900635
1.9481700658798218
1.666521668434143
0.4582897424697876
0.42648178339004517
0.007332839071750641
0.0
0.1166672557592392
0.22127899527549744
0.06287065148353577
0.0016777247656136751
0.15649500489234924
0.0
0.15783989429473877
0.0
2.1577439308166504
1.564363956451416
1.2485942840576172
0.08972343802452087
1.897978663444519
1.760955572128296
1.5636396408081055
0.3935108184814453
0.0
0.0
0.0
0.3336465358734131
0.10407933592796326
0.0
0.07162502408027649
0.30750274658203125
0.0
0.0
0.0
0.0
0.0
0.0
0.0
1.4717832803726196
0.043531350791454315
0.03340461477637291
1.526904821395874
1.2787911891937256
0.19059573113918304
0.5591063499450684
1.5077853202819824
0.35291123390197754
2.8175048828125
3.0142431259155273
2.079918146133423
1.8180670738220215
0.2655889689922333
0.0
0.34831589460372925
0.5707492232322693
0.0
0.3507712781429291
0.0
0.0
0.0
0.47069454193115234
0.0
0.0
2.1840667724609375
2.3093528747558594
2.033722400665283
1.3463120460510254
0.0
0.0
0.5833422541618347
0.23879355192184448
0.0
0.999363899230957
1.177489995956421
0.0
0.1338181346654892
1.3736032247543335
0.7001499533653259
0.0
3.966290235519409
3.933379888534546
2.290468692779541
0.08545885235071182
4.618770122528076
5.152400493621826
4.871585845947266
2.5520708560943604
0.0
0.0
0.0
0.5132503509521484
0.0
0.0
0.0
0.6719191074371338
0.9683371782302856
0.6644570827484131
0.6806074380874634
0.4756244122982025
0.0
0.0
0.0
0.19758163392543793
0.029208824038505554
0.0
0.0
0.39143306016921997
0.0
0.0
0.14888548851013184
0.25803765654563904
0.21042008697986603
0.25041431188583374
0.0
2.8557333946228027
0.0
0.0
0.0
2.1743357181549072
0.31287986040115356
0.0
1.8565335273742676
1.3984665870666504
0.282936692237854
1.509347677230835
2.1465327739715576
0.0
0.0
0.0
0.0
0.0
0.5744016170501709
0.569251537322998
0.8985886573791504
1.3111671209335327
0.0
0.0
0.5928436517715454
0.7932189702987671
0.0
0.0
0.3155306577682495
0.0
0.4089178740978241
0.0
0.41918832063674927
1.1879884004592896
0.0
0.0
1.1592419147491455
1.3033617734909058
0.0
0.4505612254142761
2.837462902069092
0.0
0.0
3.4876017570495605
2.6847989559173584
0.0
0.47953498363494873
0.041695866733789444
0.0
0.06389358639717102
3.3667125701904297
3.0501294136047363
2.585230588912964
0.8016977310180664
0.0
0.0
0.0
0.0
0.0
0.0
0.0
0.0
1.1312882900238037
2.797698974609375
3.055279016494751
2.654356002807617
0.815300464630127
0.7210407257080078
0.3629997670650482
0.0
0.21795552968978882
0.405215859413147
0.07909746468067169
0.030979156494140625
0.20382533967494965
0.0634838342666626
0.0
0.0
2.954556465148926
2.559018611907959
1.012419581413269
0.0
3.5888428688049316
4.402449131011963
4.309946060180664
1.8559818267822266
0.0023275595158338547
0.0
0.0
0.0
0.0
0.0
0.0
0.21269232034683228
0.22635187208652496
0.0
0.2297501564025879
0.5131330490112305
0.0
0.0
2.1958017349243164
1.2905226945877075
0.0
1.2246100902557373
1.768608808517456
0.06419363617897034
0.1387062966823578
2.005967378616333
1.307204246520996
0.0
0.0
0.0
0.0
0.0
2.0956997871398926
2.480057716369629
0.9364956617355347
1.1779069900512695
1.0402392148971558
1.240511417388916
0.0
1.3202711343765259
0.852078378200531
0.0
1.0895217657089233
1.3209702968597412
0.0
0.0
0.06614536792039871
0.035646989941596985
0.0
0.0
3.0293445587158203
1.141248345375061
0.0
0.3750010132789612
1.5524111986160278
0.0
0.0
1.3433222770690918
0.40337514877319336
0.0
0.0
0.0
0.17421096563339233
1.2614312171936035
0.0
0.0
2.5625786781311035
2.027353525161743
0.0
0.0
2.80525803565979
0.8044475317001343
0.0
2.349297523498535
2.0279836654663086
0.0
1.6588916778564453
1.7401666641235352
1.9793944358825684
2.612283706665039
0.0
0.0
0.053313493728637695
0.0
0.9897191524505615
1.3478188514709473
2.6225059032440186
0.0
0.0
2.2909913063049316
1.261364459991455
0.0
0.5083197355270386
0.6681444644927979
0.5397318005561829
0.25534486770629883
0.7808301448822021
0.7559822797775269
1.4629606008529663
0.6459890604019165
0.21625877916812897
0.6221575736999512
1.3078731298446655
0.2939266562461853
0.0
0.6826705932617188
0.16115513443946838
0.0
0.0
0.4860841631889343
0.8026717901229858
0.7857238054275513
0.0
0.0
0.0
0.08129195123910904
0.8009013533592224
0.47488242387771606
0.8336381912231445
0.9056540131568909
0.7442337870597839
0.8140802979469299
0.8141598701477051
0.853954553604126
0.0
0.0
0.0
0.0
0.0
0.36692482233047485
0.0
2.6102845668792725
0.6793530583381653
0.4059985876083374
0.02523074299097061
3.2606112957000732
0.9147136211395264
0.0
3.5042192935943604
2.859004020690918
0.0
0.0
0.15613694489002228
0.4139149785041809
1.2323784828186035
0.882624626159668
0.4860481917858124
0.0
0.7500417232513428
1.4548474550247192
0.8134814500808716
0.5167726278305054
0.4835377037525177
0.4636077284812927
0.5214335918426514
0.0
3.2771599292755127
3.65389347076416
2.986459970474243
1.5771721601486206
1.0794233083724976
1.000665545463562
0.23153522610664368
0.4767554700374603
0.017969127744436264
0.0
0.0
0.6433480381965637
0.0
0.0
0.6155325770378113
0.7996069192886353
2.0255916118621826
1.9435088634490967
1.5985195636749268
1.0019567012786865
0.5496900081634521
0.3132190406322479
0.0
0.02377435564994812
0.0
0.0
0.8974742293357849
0.0
0.0
1.52919340133667
1.1086862087249756
0.0
