0.0
1.1717129945755005
2.337817430496216
2.0173094272613525
0.0
0.8246317505836487
1.8864057064056396
0.0
0.0
0.0
0.0
0.0
0.0
0.0
3.2370948791503906
0.49492496252059937
0.0
0.08848589658737183
1.0339843034744263
0.0
0.0
0.0
0.0
0.0
1.1214909553527832
0.4486943781375885
0.6668353080749512
0.10721185803413391
0.0
0.0
0.8786473274230957
2.054157257080078
3.707645893096924
2.6480298042297363
2.6614279747009277
0.0
3.323688268661499
0.0
0.9108580350875854
1.2378449440002441
0.0
0.0
0.0
0.055819071829319
0.9723721742630005
2.487806797027588
0.0
0.42972874641418457
0.8132312893867493
0.0
0.14605046808719635
0.0
1.6089684963226318
0.5493636131286621
0.6383235454559326
0.0
0.0
0.4212424159049988
0.3175012469291687
0.8046282529830933
1.1835803985595703
1.9343057870864868
0.0
1.5367131233215332
0.15835821628570557
1.1041829586029053
0.0
0.0
0.0
1.1508135795593262
0.38593748211860657
0.0
0.0
0.0
0.0
0.0
0.0
0.0
0.0
0.0
2.3313770294189453
1.591177225112915
0.0
0.7879761457443237
1.221570372581482
0.0
2.9494946002960205
0.0
0.0
0.725537896156311
0.4269442856311798
1.0481798648834229
0.3726314306259155
0.5348120331764221
0.0
0.5594568252563477
0.0
0.8005319833755493
0.3117845058441162
0.0
1.681712031364441
0.0
2.865229845046997
0.4768596887588501
0.0
0.0
0.30448073148727417
0.29188311100006104
0.9790140986442566
0.0
0.0
0.0
0.8978099226951599
0.0
3.099414110183716
1.40224289894104
0.17707762122154236
2.9782800674438477
0.47411730885505676
0.3119063675403595
1.0420573949813843
0.0
1.2571426630020142
0.2909851372241974
0.03913579136133194
0.16697145998477936
0.0
0.0
0.0
0.0
0.0
1.205186367034912
2.242643356323242
0.0
1.7094208002090454
1.700270652770996
2.2080538272857666
1.6603877544403076
3.7310378551483154
0.0
0.0
0.0
0.4631503224372864
0.405717670917511
0.0
0.0
1.7327245473861694
0.0
3.4407856464385986
0.0
0.0
0.0
0.0
0.0
0.0
0.0
0.0
2.0186195373535156
2.275106191635132
1.772961139678955
0.9089574813842773
1.0718860626220703
0.0
3.9556026458740234
0.7336426377296448
0.0
0.0
0.0
0.0
0.726102352142334
0.0
0.31865906715393066
1.9905798435211182
0.5210587978363037
0.0
1.3968653678894043
0.0
1.3331292867660522
0.8154962062835693
0.7877964973449707
0.40667977929115295
0.0
0.20649661123752594
1.9740068912506104
1.0515832901000977
2.7973530292510986
0.31616243720054626
3.6840176582336426
1.6530510187149048
0.6792625784873962
0.0
0.0
0.0
0.3350791037082672
0.027222823351621628
0.0
0.0
0.6296076774597168
1.6791198253631592
0.0
1.7172929048538208
0.0
0.0
1.2965580224990845
0.0
0.36260437965393066
1.6322699785232544
0.0
1.1334091424942017
0.2962896525859833
0.0
0.4614376425743103
0.0
0.0
0.0
0.0
0.22764313220977783
0.6297273635864258
0.0
0.44110795855522156
0.0
0.0
0.0
0.0
0.0
1.5178022384643555
0.0
0.0
0.12636995315551758
0.0
1.2117007970809937
0.0
0.9878968000411987
0.0
0.3180276155471802
0.0
0.22773084044456482
1.9540891647338867
0.0
0.5637258291244507
0.0
0.2540122866630554
0.0
0.0
1.1650229692459106
0.04873865097761154
0.911389172077179
0.0
0.0
0.8464440107345581
0.0
0.9025647044181824
0.0
0.0
1.4044455289840698
0.0
0.16675734519958496
0.0
0.0
1.338179349899292
0.08081291615962982
0.4667309522628784
0.07833310961723328
1.3737465143203735
0.0
1.8264714479446411
0.0
0.061880387365818024
0.54901123046875
0.0
0.46008941531181335
5.146392822265625
0.0
0.40344130992889404
0.0
0.0
0.5957991480827332
1.2311097383499146
0.0
0.8053005933761597
0.0
0.6358979344367981
0.0
1.1718709468841553
0.0
0.023416629061102867
0.0
0.0
0.5491262674331665
0.0
0.0
0.0
1.2588390111923218
1.9735597372055054
0.25204339623451233
0.0
0.0
1.8316929340362549
3.293652296066284
0.0
0.0
0.3197473883628845
0.0
0.6777223944664001
0.0
0.0
0.0
0.0
0.0
0.5579444169998169
0.0
0.5526573061943054
0.0
1.1077985763549805
0.32575225830078125
0.8362942934036255
0.0
0.0
0.0
0.6390354037284851
0.5954647064208984
1.1957175731658936
0.0
2.166928291320801
0.12211298942565918
2.164008378982544
0.0
1.0932154655456543
0.0
1.8482218980789185
0.14913836121559143
0.0
0.43466073274612427
0.0
0.526910662651062
0.0
0.0
0.0
0.0534050352871418
0.0
0.0
1.738373041152954
0.0
0.05954582244157791
0.0
0.020922519266605377
0.12611626088619232
1.9007450342178345
0.0
0.0
0.4388982653617859
0.0
2.233711004257202
0.5618314146995544
0.0
0.0
1.2898869514465332
0.9590708613395691
0.021982403472065926
0.06798124313354492
0.0
0.0
0.7031606435775757
1.712920069694519
0.0
0.0
0.0
0.0
1.4687199592590332
0.0
0.0
0.9638524055480957
1.89901864528656
2.4732506275177
3.4511706829071045
0.0
0.0
0.7833513617515564
0.0
0.0
1.3561307191848755
0.0
0.2200039029121399
0.12646034359931946
0.0
0.0
0.0
1.5417126417160034
0.0
0.0
0.4234876334667206
1.635524034500122
0.0
0.7781639099121094
0.10823464393615723
0.9452180862426758
0.0
0.0
0.6654976606369019
0.407466858625412
3.2122347354888916
0.3180586099624634
0.0
0.5018883943557739
0.0
0.0
0.22536113858222961
0.0
0.0
1.2410022020339966
0.0
0.0
0.5705974102020264
1.4815478324890137
0.0
0.0
0.0
1.8783581256866455
3.1046743392944336
0.0
2.449065923690796
0.9738736748695374
0.0
0.0
0.6095951795578003
0.15235333144664764
1.320326328277588
1.3196786642074585
0.25925809144973755
0.0
2.11720871925354
0.0
0.0
0.0
0.0
0.023088011890649796
0.4994656443595886
0.0
0.010789936408400536
0.0
0.6066184043884277
3.2522363662719727
0.05945275351405144
0.0
0.6082949042320251
0.0
0.0
0.8845916390419006
2.0305120944976807
1.593196988105774
1.5075923204421997
0.880355179309845
0.0
0.0
0.0
0.06924107670783997
0.0
0.0
0.986402690410614
0.0
0.25977709889411926
0.7160026431083679
0.9076843857765198
0.1400306075811386
0.0
3.2814619541168213
0.4963587820529938
0.0
0.0
0.0
0.0
0.0
0.0
0.3771345913410187
0.0
0.0
0.0
0.0
1.6963016986846924
0.0
0.0
0.0
0.0
0.0
4.544137477874756
0.02679901197552681
0.07956065982580185
3.8148746490478516
0.07450162619352341
0.30680060386657715
0.0
0.24181963503360748
0.0
0.0
2.0133466720581055
0.6516761779785156
1.7971768379211426
0.0
0.4644891917705536
1.318839192390442
